1091 980 1107 1062 1117 1326 911 999 866 1142 1021 1140 1083 1288 982 1011 1113 967 1113 1118 1057 1237 1137 1349 1252 1144 1113 1131 1043 1129 1084 860 1099 1075 1134 1311 1149 1086 1183 1109 1235 1056 1096 1155 1121 924 1119 1245 1194 1197 957 1181 1076 1333 1241 856 1265 1191 1140 1231 1257 1312 1069 1059 
1090 1122 1300 1273 1451 1418 1198 1139 1039 1479 1385 1368 1161 1380 1177 1117 1298 1375 1199 1331 1166 1323 1347 1417 1447 1235 1346 1289 1217 1226 1230 1030 1380 1176 1386 1341 1399 1203 1416 1170 1380 1070 1249 1368 1177 1159 1365 1341 1365 1404 1240 1194 1302 1481 1364 1132 1567 1315 1277 1406 1356 1490 1325 1374 
1100 992 1212 1125 1199 1465 1019 1129 855 1323 1264 1343 1036 1404 1129 1149 1204 1232 1221 1257 1113 1098 1211 1307 1380 1281 1133 1093 1181 1183 1095 974 1411 1120 1311 1288 1238 1092 1235 1129 1282 1047 1200 1229 1112 1084 1083 1383 1280 1290 1034 1247 1068 1258 1251 1075 1418 1179 1257 1292 1248 1323 1270 1118 
1258 1136 1228 1359 1289 1535 1148 1145 905 1413 1330 1366 980 1320 1069 1183 1307 1214 1224 1279 1211 1354 1369 1344 1452 1214 1268 1270 1163 1260 1131 1003 1362 1278 1351 1441 1396 1231 1386 1394 1449 1260 1317 1375 1289 1193 1308 1483 1399 1487 1135 1352 1257 1430 1360 1217 1400 1526 1238 1370 1418 1338 1403 1264 
1274 1157 1372 1288 1314 1621 1108 1280 1187 1499 1335 1368 1164 1424 1164 1184 1352 1317 1311 1266 1208 1339 1401 1595 1435 1375 1310 1236 1166 1419 1119 1046 1421 1368 1301 1509 1332 1295 1542 1445 1505 1151 1357 1462 1130 1109 1346 1510 1324 1569 1146 1310 1205 1360 1239 1042 1525 1392 1239 1431 1447 1381 1442 1340 
1158 1079 1382 1194 1291 1599 1141 1221 1074 1515 1336 1383 1238 1499 1206 1241 1318 1331 1369 1418 1241 1440 1308 1609 1518 1317 1402 1166 1328 1363 1140 1136 1430 1268 1293 1575 1480 1241 1485 1237 1427 1167 1274 1448 1164 1226 1418 1459 1438 1614 1277 1390 1255 1563 1420 1067 1541 1365 1356 1458 1342 1481 1350 1293 
1385 1367 1371 1476 1606 1692 1240 1274 1086 1657 1364 1556 1319 1343 1120 1145 1499 1254 1244 1496 1266 1404 1407 1553 1629 1253 1458 1498 1337 1405 1210 1178 1537 1465 1397 1597 1457 1360 1406 1486 1544 1322 1443 1472 1341 1340 1453 1591 1595 1648 1145 1492 1447 1509 1519 1263 1552 1630 1305 1459 1603 1393 1490 1486 
1342 1099 1308 1311 1406 1648 1208 1307 1044 1613 1279 1393 1174 1442 1285 1181 1344 1381 1389 1426 1200 1293 1341 1546 1485 1167 1426 1329 1357 1240 1149 1188 1460 1237 1510 1596 1432 1357 1430 1301 1530 1123 1332 1547 1312 1280 1369 1531 1485 1526 1179 1409 1286 1410 1309 1149 1528 1397 1343 1417 1525 1503 1471 1379 
1289 1372 1593 1449 1480 1739 1360 1534 1151 1568 1465 1511 1289 1459 1242 1305 1446 1521 1346 1496 1420 1481 1597 1752 1581 1535 1525 1348 1343 1543 1347 1193 1658 1358 1622 1524 1486 1305 1602 1607 1600 1271 1382 1603 1413 1361 1534 1693 1521 1638 1424 1411 1356 1625 1554 1179 1609 1632 1421 1663 1655 1582 1502 1578 
980 817 1073 968 1085 1184 965 992 789 1064 1103 1069 854 1070 899 966 986 1107 961 990 956 913 1099 1127 1131 955 1017 1067 945 829 914 749 1080 964 1106 1140 1082 1103 1104 1017 1126 896 1074 1107 969 966 1026 1137 1083 1140 949 990 1016 1151 957 822 1142 1068 885 1155 1042 1095 1067 1021 
1214 1226 1460 1399 1391 1542 1184 1312 1112 1576 1400 1457 1290 1380 1223 1216 1485 1454 1338 1455 1278 1258 1407 1550 1565 1291 1426 1448 1280 1425 1103 1124 1385 1393 1392 1550 1480 1246 1505 1412 1554 1194 1383 1531 1334 1263 1482 1671 1590 1681 1364 1387 1290 1391 1492 1123 1444 1555 1431 1576 1461 1437 1519 1451 
1212 1033 1183 1267 1397 1392 1000 1215 895 1376 1148 1288 1099 1281 995 1151 1255 1173 1126 1314 1203 1220 1153 1338 1380 1180 1222 1058 1069 1227 1166 915 1221 1237 1226 1229 1204 1187 1267 1184 1377 1117 1103 1298 1178 1109 1249 1363 1260 1219 1025 1222 1210 1375 1309 1044 1406 1255 1176 1265 1375 1225 1201 1143 
1535 1243 1565 1388 1576 1845 1274 1401 1196 1742 1447 1569 1401 1628 1261 1397 1534 1632 1420 1586 1329 1545 1510 1664 1658 1388 1517 1383 1408 1432 1331 1301 1605 1385 1603 1792 1553 1403 1660 1587 1680 1325 1497 1725 1303 1499 1554 1611 1654 1740 1285 1397 1468 1643 1534 1261 1772 1697 1412 1552 1577 1564 1774 1680 
1349 1170 1323 1399 1365 1609 1257 1265 1143 1515 1294 1459 1133 1312 1169 1214 1360 1267 1235 1353 1281 1317 1346 1578 1553 1226 1228 1303 1214 1384 1116 1111 1494 1361 1540 1483 1401 1449 1406 1479 1502 1122 1392 1362 1365 1268 1296 1583 1482 1522 1170 1339 1169 1470 1360 1127 1412 1611 1265 1410 1574 1405 1457 1539 
1059 1061 1189 1185 1257 1395 1068 1306 924 1388 1031 1222 1142 1126 1026 996 1195 1089 1000 1106 1115 1226 1180 1384 1337 1104 1175 1119 983 1229 1054 971 1219 1162 1262 1298 1170 1157 1235 1283 1316 948 1087 1273 1054 982 1160 1330 1287 1304 1147 1129 1091 1280 1289 1014 1383 1233 1091 1391 1458 1226 1159 1244 
1143 1036 1068 1217 1268 1405 1036 1137 905 1356 1142 1145 1153 1248 998 992 1312 1235 1246 1231 953 1212 1219 1284 1402 1106 1194 1115 1024 1130 941 1014 1262 1029 1162 1397 1201 1104 1250 1268 1247 1016 1198 1271 1001 1111 1301 1307 1267 1394 954 1071 1136 1324 1239 1014 1321 1325 1058 1277 1189 1214 1223 1223 
1300 1255 1466 1316 1383 1634 1243 1260 1069 1638 1404 1541 1237 1419 1230 1147 1338 1345 1464 1416 1322 1395 1421 1633 1530 1409 1515 1377 1190 1425 1351 1065 1460 1384 1477 1549 1382 1276 1503 1347 1565 1307 1440 1502 1336 1281 1429 1579 1490 1537 1362 1438 1248 1460 1496 1139 1552 1492 1319 1533 1609 1525 1528 1394 
1229 1178 1401 1329 1436 1669 1294 1343 1194 1641 1263 1383 1291 1328 1166 1214 1453 1392 1305 1363 1132 1448 1454 1478 1622 1302 1432 1345 1277 1379 1232 1207 1413 1231 1402 1610 1350 1453 1526 1539 1507 1056 1272 1584 1233 1186 1436 1557 1635 1709 1210 1153 1273 1412 1427 1141 1576 1427 1325 1461 1474 1376 1374 1396 
1188 1047 1353 1245 1389 1550 1161 1224 1016 1559 1172 1414 1252 1404 1138 1060 1319 1259 1311 1334 1111 1205 1200 1431 1507 1174 1385 1227 1158 1289 1023 1057 1369 1240 1316 1515 1189 1336 1423 1349 1551 1058 1318 1407 1198 1341 1295 1505 1386 1435 1064 1375 1219 1246 1406 1123 1453 1446 1228 1327 1460 1378 1355 1335 
1112 1125 1413 1297 1375 1454 1175 1274 1050 1422 1215 1290 1152 1336 1095 1105 1317 1214 1203 1235 1295 1104 1235 1524 1505 1097 1337 1257 1144 1268 1099 978 1304 1304 1341 1442 1319 1358 1411 1306 1486 1059 1222 1472 1205 1160 1349 1466 1467 1505 1327 1232 1111 1292 1389 1070 1331 1381 1286 1400 1466 1338 1407 1259 
1078 974 1232 1141 1054 1387 863 1136 824 1192 974 1292 838 1058 859 879 1121 1127 1022 1146 887 1100 1155 1208 1221 1079 1038 1048 1095 1045 1074 956 1205 1052 1063 1215 1204 1084 1198 1175 1201 926 1049 1123 1103 1049 1162 1178 1291 1133 959 1134 1195 1291 1206 988 1272 1214 1090 1277 1225 1165 1045 1122 
1384 1297 1657 1413 1368 1743 1395 1474 1318 1670 1421 1590 1388 1555 1281 1314 1516 1558 1478 1488 1383 1484 1578 1636 1727 1387 1389 1431 1509 1375 1331 1187 1602 1416 1583 1599 1540 1536 1593 1521 1698 1152 1411 1670 1430 1449 1510 1672 1569 1668 1321 1565 1406 1559 1535 1292 1678 1611 1596 1490 1704 1624 1551 1483 
1200 1066 1416 1402 1551 1569 1258 1340 1071 1653 1398 1397 1198 1535 1289 1156 1392 1322 1352 1363 1206 1333 1258 1403 1706 1267 1415 1333 1213 1313 1076 1076 1480 1188 1431 1486 1461 1391 1463 1396 1518 1165 1390 1500 1271 1286 1314 1541 1508 1505 1179 1394 1328 1490 1459 1186 1515 1407 1310 1526 1425 1473 1438 1443 
1282 1114 1322 1337 1327 1625 1171 1311 889 1490 1147 1375 1284 1328 1202 1144 1342 1226 1260 1354 1197 1319 1332 1539 1472 1175 1365 1300 1205 1235 1290 1244 1410 1272 1519 1510 1336 1349 1453 1320 1507 1031 1424 1481 1157 1324 1415 1607 1483 1479 1276 1412 1224 1459 1407 1189 1432 1433 1302 1484 1516 1448 1422 1412 
1385 1157 1544 1388 1559 1829 1229 1405 1180 1735 1418 1610 1361 1453 1184 1214 1498 1483 1323 1577 1269 1638 1437 1569 1729 1413 1488 1425 1348 1460 1306 1274 1613 1449 1476 1636 1499 1437 1599 1455 1548 1204 1384 1566 1417 1396 1484 1627 1680 1682 1261 1362 1418 1584 1542 1151 1711 1513 1484 1505 1563 1499 1544 1510 
1309 1307 1372 1332 1452 1690 1255 1346 1045 1531 1311 1428 1359 1504 1221 1198 1433 1444 1433 1490 1138 1467 1395 1587 1519 1384 1361 1485 1284 1322 1318 1181 1390 1357 1395 1508 1376 1182 1601 1347 1557 1150 1367 1517 1443 1395 1486 1613 1469 1470 1222 1449 1397 1487 1523 1141 1637 1379 1450 1506 1503 1537 1408 1386 
1134 1090 1349 1192 1243 1525 1011 1205 982 1389 1246 1350 995 1238 999 1104 1271 1281 1074 1192 1282 1154 1280 1392 1367 1335 1262 1203 1147 1227 1195 952 1311 1081 1356 1381 1270 1217 1218 1298 1309 1130 1114 1322 1200 1041 1239 1223 1411 1379 1164 1119 1098 1271 1223 1051 1409 1372 1197 1395 1443 1345 1300 1165 
1337 1255 1546 1465 1549 1790 1298 1483 1171 1709 1429 1543 1410 1567 1225 1243 1464 1540 1425 1472 1307 1401 1402 1647 1730 1358 1588 1456 1296 1412 1276 1163 1539 1321 1409 1732 1496 1379 1574 1404 1601 1267 1411 1655 1431 1381 1583 1575 1678 1601 1352 1495 1489 1566 1660 1188 1570 1610 1404 1620 1529 1534 1601 1541 
1240 1119 1355 1212 1373 1466 1263 1351 1092 1493 1414 1364 1213 1391 1234 1239 1353 1479 1268 1406 1303 1291 1224 1542 1460 1249 1262 1308 1218 1303 1099 991 1423 1264 1473 1420 1368 1306 1449 1306 1441 1172 1340 1572 1260 1272 1322 1503 1318 1565 1187 1249 1257 1406 1416 1079 1462 1441 1298 1422 1401 1520 1459 1378 
1263 1157 1535 1433 1491 1680 1238 1411 1101 1651 1380 1466 1392 1548 1302 1214 1372 1473 1287 1325 1326 1385 1470 1584 1599 1367 1575 1417 1256 1441 1187 1162 1471 1304 1511 1563 1512 1388 1621 1506 1651 1216 1445 1537 1263 1258 1486 1591 1568 1642 1409 1384 1326 1526 1476 1301 1600 1608 1318 1594 1619 1475 1605 1495 
1236 1054 1381 1144 1178 1543 1115 1180 956 1373 1182 1320 1090 1254 1087 1096 1236 1207 1163 1290 1200 1049 1186 1508 1363 1077 1271 1163 1150 1225 1093 1050 1356 1160 1309 1391 1309 1211 1256 1330 1331 1078 1289 1428 1037 1259 1277 1392 1364 1460 1222 1178 1208 1263 1366 1147 1366 1394 1137 1420 1386 1306 1431 1343 
1307 1205 1514 1350 1543 1638 1252 1287 1059 1647 1481 1559 1177 1468 1294 1263 1414 1392 1440 1503 1268 1452 1337 1629 1692 1394 1388 1380 1333 1378 1252 1166 1484 1388 1475 1659 1505 1364 1446 1402 1604 1222 1461 1580 1251 1453 1430 1587 1593 1756 1336 1452 1230 1491 1504 1123 1639 1491 1492 1526 1502 1590 1512 1531 
1207 1110 1386 1132 1329 1566 1120 1240 1024 1384 1235 1330 1196 1304 1107 1157 1405 1225 1140 1287 1177 1276 1362 1389 1434 1402 1345 1245 1288 1211 1204 1016 1313 1280 1349 1341 1449 1219 1336 1288 1408 1119 1135 1419 1274 1094 1263 1496 1338 1427 1120 1272 1229 1369 1383 1101 1437 1389 1321 1394 1389 1331 1471 1282 
997 1049 1293 1194 1321 1376 1049 1173 954 1323 1270 1275 992 1311 1068 994 1090 1156 1158 1186 1137 1302 1123 1369 1410 1107 1182 1114 1026 1186 987 916 1288 1152 1195 1334 1214 1163 1298 1228 1314 1079 1137 1243 1055 1051 1239 1349 1361 1448 1080 1241 1195 1296 1209 1027 1271 1268 1109 1338 1365 1359 1224 1284 
1124 1151 1289 1171 1247 1428 1213 1332 1090 1374 1235 1220 1145 1181 1062 1058 1274 1409 1177 1289 1211 1172 1312 1445 1420 1141 1173 1364 1071 1314 1051 987 1404 1270 1244 1437 1145 1280 1346 1360 1443 1098 1293 1494 1125 1082 1207 1474 1401 1480 1078 1185 1204 1210 1287 985 1394 1337 1245 1312 1382 1325 1299 1193 
1148 1138 1264 1229 1223 1534 1134 1182 942 1283 1186 1205 1177 1268 1162 1103 1323 1231 1166 1249 1069 1242 1180 1307 1546 1202 1145 1153 1050 1230 1158 1084 1356 1167 1247 1258 1297 1170 1327 1200 1322 938 1099 1245 1124 1207 1124 1504 1283 1307 973 1165 1160 1346 1415 1024 1420 1302 1268 1353 1320 1342 1354 1258 
1135 1049 1248 1128 1208 1390 1009 1103 1030 1330 1136 1223 1115 1172 1020 1015 1260 1177 1104 1283 1038 1021 1251 1250 1348 1099 1168 1046 1162 1043 1211 980 1288 1185 1272 1244 1277 1316 1259 1088 1335 938 1129 1360 1136 1032 1163 1301 1256 1286 1073 1111 1119 1272 1214 927 1437 1163 1205 1083 1350 1282 1296 1088 
1219 1251 1422 1315 1296 1617 1191 1247 1122 1576 1298 1437 1295 1428 1226 1134 1473 1304 1268 1412 1168 1325 1425 1501 1561 1301 1421 1256 1354 1373 1156 1127 1516 1163 1470 1507 1401 1366 1505 1358 1465 1083 1269 1523 1194 1143 1251 1473 1376 1508 1176 1278 1255 1415 1426 1245 1612 1457 1390 1435 1519 1529 1442 1385 
956 1016 1246 1111 1126 1192 1047 1113 829 1233 1110 1115 1015 1113 1065 1009 1139 1209 1081 1119 1106 1064 1062 1308 1280 1078 1134 1139 1043 1096 1025 873 1142 1040 1268 1213 1153 1069 1209 1169 1150 932 1099 1304 1045 1165 1192 1272 1232 1295 1101 1109 955 1129 1216 995 1267 1141 1174 1294 1219 1324 1255 1193 
1143 1083 1278 1140 1199 1453 1238 1245 974 1425 1216 1307 968 1105 1033 1028 1095 1326 1096 1222 1176 1197 1249 1355 1401 1050 1247 1309 1138 1157 1086 985 1346 1161 1310 1339 1199 1140 1441 1266 1350 1084 1278 1344 1147 1221 1302 1266 1348 1422 1231 1195 1198 1226 1172 1096 1292 1460 1157 1276 1315 1286 1304 1400 
1260 1178 1147 1279 1169 1440 1111 1114 1026 1445 1039 1209 1205 1271 1057 995 1325 1214 1204 1279 1215 1220 1306 1390 1385 1182 1120 1124 1076 1341 1031 992 1311 1160 1335 1357 1187 1084 1234 1353 1187 1084 1180 1270 1138 1073 1117 1464 1340 1280 1107 1215 1069 1337 1326 1208 1507 1352 1094 1356 1504 1325 1274 1183 
989 888 1131 1055 985 1270 1053 976 944 1216 1076 1119 947 1195 931 1088 981 1156 1113 1012 994 1032 1043 1183 1187 1037 1069 941 1022 996 961 800 1029 954 1189 1167 1111 977 1121 1076 1174 867 919 1107 1074 1109 1113 1260 1164 1067 1028 1118 1030 1177 1127 913 1227 1036 1091 1095 1085 1100 1091 1047 
1091 1084 1291 1120 1380 1472 1081 1305 965 1351 1256 1289 1078 1298 1000 1155 1264 1206 1163 1293 1271 1378 1201 1378 1560 1278 1113 1223 1043 1177 1189 1089 1399 1310 1290 1449 1187 1343 1285 1206 1484 999 1148 1344 1239 1134 1231 1347 1376 1436 1030 1328 1207 1322 1366 944 1332 1333 1331 1357 1413 1376 1204 1252 
1223 1095 1203 1115 1076 1464 1100 1135 972 1372 1087 1251 1043 1066 1092 1128 1209 1145 1173 1272 1230 1274 1297 1357 1418 1257 1125 1283 1073 1245 1120 1032 1299 1209 1341 1354 1174 1157 1356 1330 1364 1045 1241 1289 1157 1034 1139 1317 1273 1433 1033 1192 1137 1267 1223 1011 1363 1487 1201 1376 1413 1253 1352 1305 
1216 1021 1301 1168 1375 1556 1066 1269 976 1566 1272 1240 1236 1382 1220 1143 1270 1127 1162 1429 1079 1198 1209 1326 1479 1298 1317 1096 1208 1182 1164 1088 1325 1135 1277 1389 1367 1245 1370 1202 1479 1050 1178 1396 1241 1078 1239 1453 1374 1467 1116 1287 1133 1336 1331 971 1461 1290 1320 1308 1354 1343 1391 1272 
1094 1160 1209 1296 1235 1531 1082 1091 981 1293 1172 1328 1102 1160 904 1003 1243 1140 1106 1219 1167 1194 1210 1422 1413 1090 1275 1282 1181 1132 1112 1070 1267 1163 1326 1387 1166 1106 1225 1247 1283 1095 1164 1247 1233 1208 1247 1429 1362 1302 1170 1280 1160 1355 1354 1046 1272 1387 1226 1329 1312 1285 1238 1262 
1087 1214 1362 1363 1254 1621 1218 1247 1001 1589 1176 1446 1195 1356 1271 1121 1277 1267 1382 1310 1200 1426 1322 1511 1469 1170 1358 1247 1226 1343 1127 1142 1378 1260 1458 1553 1385 1169 1505 1344 1544 1146 1249 1411 1202 1259 1408 1620 1472 1653 1247 1372 1231 1470 1448 1146 1562 1430 1284 1477 1519 1477 1466 1399 
1240 1037 1273 1064 1285 1464 1054 1129 929 1467 1229 1366 1034 1208 991 1088 1223 1112 1007 1231 1209 1344 1243 1349 1473 1167 1283 1226 1122 1217 1024 991 1385 1209 1241 1426 1245 1193 1405 1228 1461 1141 1272 1370 1105 1191 1236 1317 1269 1345 1030 1317 1126 1333 1247 949 1335 1425 1160 1253 1250 1254 1278 1360 
995 1004 1196 1126 1163 1291 1074 1062 867 1282 1202 1325 891 1019 959 944 1120 1122 1004 1130 1044 1124 1105 1257 1226 1086 1169 1028 998 1171 921 866 1294 1130 1243 1174 1109 1136 1140 1191 1283 838 1115 1171 1077 1114 1115 1332 1137 1249 924 1070 939 1144 1087 914 1306 1175 1032 1179 1260 1214 1217 1218 
1461 1261 1658 1449 1428 1746 1261 1439 1235 1698 1405 1576 1338 1557 1386 1241 1475 1533 1488 1560 1506 1441 1489 1722 1675 1473 1501 1484 1421 1531 1349 1189 1584 1417 1585 1602 1524 1528 1711 1524 1669 1314 1506 1552 1479 1377 1482 1777 1553 1630 1308 1519 1257 1583 1449 1227 1649 1628 1499 1609 1745 1650 1628 1508 
1065 909 1124 1046 1214 1455 1019 1010 998 1304 1089 1176 870 1128 893 952 1079 1128 1092 1112 1013 1129 1145 1284 1292 1052 1269 1075 1035 1115 915 983 1190 1125 1289 1343 1067 1088 1248 1122 1369 960 1111 1293 1014 1052 1150 1215 1208 1321 1079 1144 1037 1071 1086 985 1228 1328 1116 1125 1268 1164 1242 1205 
1424 1211 1437 1348 1396 1683 1281 1429 1187 1606 1291 1474 1353 1483 1310 1295 1467 1436 1369 1345 1410 1320 1480 1651 1563 1363 1449 1247 1314 1386 1324 1050 1579 1326 1573 1589 1409 1424 1387 1434 1443 1272 1402 1523 1299 1239 1432 1568 1468 1503 1197 1393 1292 1448 1531 1254 1550 1546 1230 1530 1646 1543 1507 1409 
1267 1264 1532 1452 1444 1625 1288 1464 1204 1649 1442 1496 1353 1557 1150 1180 1452 1420 1397 1452 1387 1276 1578 1599 1547 1297 1473 1370 1284 1319 1270 1108 1579 1410 1538 1600 1529 1535 1595 1459 1651 1224 1422 1626 1542 1279 1441 1605 1476 1626 1333 1453 1314 1485 1583 1121 1539 1501 1429 1407 1696 1497 1523 1448 
1336 1220 1478 1446 1475 1666 1190 1407 1176 1549 1379 1526 1210 1371 1165 1199 1534 1511 1204 1469 1297 1414 1481 1553 1670 1435 1417 1493 1380 1455 1209 1084 1553 1272 1509 1490 1433 1319 1501 1493 1478 1310 1472 1536 1356 1285 1465 1483 1569 1541 1223 1316 1313 1534 1485 1265 1566 1694 1444 1530 1482 1487 1530 1529 
1204 1167 1395 1412 1284 1630 1059 1329 1026 1443 1234 1400 1096 1456 1100 1244 1371 1355 1264 1255 1156 1345 1421 1407 1494 1249 1313 1144 1146 1361 1211 1028 1342 1253 1404 1484 1366 1209 1423 1457 1525 1262 1266 1511 1153 1188 1409 1487 1531 1510 1185 1345 1310 1486 1434 1132 1506 1496 1315 1341 1391 1329 1442 1334 
1181 1067 1343 1280 1347 1446 1124 1302 1106 1433 1277 1287 1089 1274 1022 1042 1281 1470 1251 1377 1115 1374 1398 1481 1438 1248 1251 1288 1136 1324 1063 1050 1394 1158 1401 1428 1185 1197 1360 1303 1484 1148 1254 1510 1105 1170 1268 1365 1361 1463 1110 1126 1232 1357 1284 1042 1445 1307 1325 1261 1394 1404 1189 1326 
1261 1131 1397 1088 1273 1592 1191 1256 1094 1663 1179 1358 1160 1267 1099 1063 1279 1183 1083 1291 1136 1305 1428 1320 1498 1238 1280 1263 1257 1129 1234 1072 1352 1214 1344 1456 1409 1297 1438 1355 1492 1140 1288 1486 1211 1092 1264 1409 1347 1529 1086 1377 1311 1372 1360 1094 1503 1468 1225 1268 1483 1305 1412 1365 
1217 1184 1344 1250 1513 1511 1079 1212 1104 1485 1261 1387 1199 1451 1152 1164 1444 1204 1181 1325 1358 1324 1336 1411 1565 1350 1296 1237 1266 1279 1165 1025 1466 1331 1337 1452 1297 1261 1345 1324 1510 1258 1209 1390 1234 1071 1337 1409 1403 1495 1055 1327 1235 1457 1410 1046 1458 1551 1134 1468 1441 1382 1408 1341 
1281 1188 1536 1400 1485 1650 1261 1399 1227 1662 1354 1477 1291 1396 1328 1171 1488 1451 1293 1448 1386 1380 1458 1540 1717 1475 1482 1339 1202 1509 1334 1149 1588 1347 1607 1403 1397 1498 1594 1407 1631 1146 1457 1554 1383 1243 1271 1620 1621 1583 1241 1312 1080 1489 1513 1068 1566 1591 1331 1463 1598 1554 1578 1493 
1377 1390 1466 1392 1476 1721 1271 1369 1142 1591 1422 1506 1362 1362 1095 1122 1579 1541 1422 1480 1343 1438 1459 1580 1696 1354 1386 1459 1282 1406 1366 1191 1570 1396 1427 1635 1497 1386 1492 1439 1504 1236 1457 1617 1398 1439 1557 1524 1573 1631 1295 1387 1352 1507 1670 1179 1599 1594 1373 1531 1580 1550 1496 1456 
1379 1223 1462 1389 1527 1776 1140 1358 1083 1569 1367 1610 1183 1590 1268 1381 1465 1369 1364 1463 1359 1515 1378 1570 1636 1440 1444 1366 1394 1429 1314 1202 1504 1274 1531 1713 1552 1484 1567 1450 1673 1247 1444 1709 1324 1259 1567 1490 1517 1719 1289 1356 1492 1628 1492 1203 1638 1599 1474 1593 1538 1604 1516 1426 
1310 1289 1427 1545 1432 1594 1182 1447 1171 1518 1283 1441 1338 1439 1210 1146 1449 1414 1278 1332 1348 1458 1539 1555 1553 1297 1412 1319 1188 1457 1211 1113 1532 1273 1488 1601 1543 1398 1583 1571 1505 1251 1490 1620 1302 1252 1537 1547 1591 1693 1406 1256 1308 1565 1528 1146 1538 1634 1332 1528 1558 1597 1538 1562 
1465 1232 1401 1339 1505 1692 1216 1433 1122 1673 1247 1514 1372 1468 1309 1254 1533 1477 1261 1416 1377 1389 1377 1555 1537 1382 1337 1442 1381 1471 1177 1178 1535 1327 1697 1557 1422 1329 1441 1540 1557 1206 1510 1611 1286 1361 1500 1544 1552 1606 1307 1350 1248 1402 1373 1257 1660 1599 1371 1484 1630 1509 1592 1481 
1201 1045 1438 1258 1141 1584 1190 1197 958 1492 1316 1342 1012 1285 1205 1038 1128 1291 1352 1296 1147 1303 1312 1570 1460 1171 1396 1288 1151 1279 1154 1023 1260 1019 1340 1542 1335 1239 1460 1293 1420 1094 1314 1442 1070 1260 1353 1414 1397 1580 1344 1236 1127 1353 1224 1178 1471 1311 1316 1437 1410 1472 1321 1365 
