16 8 0 0 0 0 0 0 0 0 0 40 0 8 64 0 
0 0 0 0 0 0 0 0 0 0 0 0 0 0 0 0 
10 30 0 0 0 0 0 0 0 0 0 0 0 0 0 0 
0 0 0 0 0 0 0 0 0 0 0 0 0 0 0 0 
16 12 8 0 0 0 0 0 0 28 0 0 0 0 0 12 
0 42 0 0 0 30 0 0 0 24 54 0 0 0 0 0 
0 0 0 0 0 0 0 0 0 0 0 0 0 0 0 0 
9 7 6 0 0 5 0 0 0 0 9 0 0 0 0 9 
10 30 0 0 0 0 0 0 0 0 0 0 0 0 0 0 
0 0 0 5 0 0 0 45 0 0 0 0 0 0 0 0 
0 0 0 4 0 0 0 36 0 0 0 0 0 0 0 0 
0 0 0 0 0 0 0 0 0 0 0 0 0 0 0 0 
0 0 0 0 0 0 0 0 0 0 0 0 0 0 0 0 
8 24 0 0 0 0 0 0 0 0 0 0 0 0 0 0 
0 24 0 31 0 0 0 87 0 12 0 0 28 48 0 0 
8 0 0 0 0 0 0 0 0 0 0 0 0 0 0 0 
