1543 1274 1344 1218 1293 1248 1419 1180 1298 1225 1343 1548 1548 1140 1377 1703 1114 1432 1361 1221 1488 1428 1225 1168 1283 1558 1264 1230 1320 1493 1147 1521 1454 1304 1361 1303 1417 1316 1438 1209 1164 1277 1464 1265 1426 1501 1172 1441 1224 1237 1306 1215 1162 1133 1445 1110 1136 1274 1335 1358 1488 1478 1346 1157 
1486 1488 1481 1456 1523 1271 1570 1259 1439 1511 1308 1600 1764 1339 1458 1779 1334 1491 1497 1434 1579 1364 1537 1239 1409 1726 1399 1353 1369 1511 1338 1580 1448 1541 1481 1316 1664 1391 1552 1462 1383 1577 1499 1496 1514 1477 1289 1608 1379 1301 1496 1358 1469 1349 1555 1388 1415 1385 1435 1355 1520 1557 1512 1351 
1448 1337 1152 1150 1287 1171 1176 1101 1143 1199 1153 1540 1423 1144 1127 1502 1239 1250 1219 1179 1271 1253 1247 1226 1252 1458 1250 924 1077 1170 1114 1219 1222 1187 1102 1036 1464 1158 1081 1219 1170 1260 1297 1243 1199 1363 1098 1322 1159 1116 1158 1100 1120 1249 1253 1102 1049 1137 1113 1220 1267 1209 1309 1183 
1455 1255 1243 1210 1367 1175 1248 964 1382 1210 1295 1313 1510 1106 1165 1534 1159 1290 1362 1319 1233 1323 1318 1201 1168 1510 1104 1030 1053 1369 1153 1404 1188 1251 1175 1205 1345 1189 1086 1152 1152 1242 1446 1315 1303 1342 980 1312 1205 1056 1173 1091 1188 1142 1283 1025 1102 1241 1284 1080 1240 1477 1372 1052 
1219 1251 1157 942 1152 1037 1069 798 1177 1192 1080 1315 1320 1027 1147 1463 988 1196 1112 1092 1264 1178 1085 967 1058 1388 1070 872 1026 1055 1009 1288 1139 1127 1150 1104 1383 1059 1142 1099 1149 1142 1089 996 1299 1230 941 1254 1013 1034 1168 906 1063 1021 1080 968 1002 1014 1137 1106 1255 1172 1143 967 
1391 1276 1118 1089 1340 1089 1242 1082 1122 1087 1160 1303 1450 1174 1124 1428 1014 1225 1143 1203 1255 1189 1347 1093 1197 1383 1214 1120 1140 1172 1182 1316 1133 1255 1218 1120 1363 1147 1183 1217 1164 1214 1175 1140 1203 1178 1111 1215 1193 992 1204 1064 1123 1067 1297 1219 1047 1064 1189 1084 1188 1177 1258 1130 
1359 1409 1164 1164 1313 1261 1222 1110 1284 1372 1248 1382 1416 1086 1204 1592 1241 1211 1184 1161 1283 1357 1293 1300 1348 1545 1338 1176 1196 1357 1065 1301 1136 1273 1319 1158 1580 1328 1255 1297 1195 1250 1189 1237 1299 1462 1116 1344 1265 1160 1237 1222 1227 1212 1318 1170 1085 1284 1352 1228 1251 1310 1213 1171 
1426 1564 1341 1342 1539 1262 1483 1165 1515 1411 1310 1634 1769 1311 1356 1809 1298 1374 1310 1362 1512 1450 1474 1318 1426 1643 1413 1240 1318 1384 1247 1447 1378 1473 1365 1311 1698 1310 1406 1424 1233 1565 1379 1381 1500 1529 1223 1555 1274 1282 1406 1292 1429 1330 1468 1192 1184 1288 1320 1349 1401 1435 1411 1363 
1445 1547 1299 1197 1464 1277 1261 1073 1340 1372 1251 1481 1546 1224 1279 1593 1127 1320 1267 1272 1380 1333 1515 1279 1355 1651 1385 1164 1088 1217 1167 1356 1183 1334 1276 1293 1627 1317 1297 1347 1156 1425 1357 1210 1409 1289 1216 1405 1141 1155 1343 1221 1308 1343 1302 1165 1230 1227 1354 1248 1324 1332 1290 1294 
1455 1316 1180 1121 1280 1219 1275 1078 1164 1205 1236 1353 1417 1033 1224 1536 1236 1220 1289 1083 1268 1236 1276 1202 1178 1413 1213 1187 1153 1332 1148 1284 1145 1201 1287 1175 1420 1200 1166 1150 1172 1213 1202 1217 1236 1235 1122 1179 1167 1263 1218 1228 1055 1174 1311 1210 1049 1125 1253 1144 1272 1215 1129 1187 
1257 1356 1042 1090 1227 1120 1198 858 1150 1135 1115 1333 1349 1137 1139 1486 1156 1303 1171 1171 1207 1232 1334 1186 1183 1446 1040 1061 1053 1057 1243 1434 1089 1342 1196 1106 1312 1064 1047 1196 1039 1276 1206 1160 1183 1067 1045 1247 1132 1096 1073 1089 1150 1142 1171 1015 1001 1049 1106 1026 1285 1176 1200 1151 
1358 1307 1239 1115 1237 1188 1330 988 1237 1298 1218 1329 1349 1015 1154 1527 1103 1359 1276 1237 1369 1190 1210 1125 1247 1368 1185 1010 1104 1249 1081 1407 1150 1260 1120 1243 1379 1263 1208 1151 1161 1307 1283 1188 1242 1288 974 1334 1125 1164 1273 1146 1033 1137 1292 984 1081 1157 1222 1227 1377 1290 1150 1109 
1460 1428 1292 1250 1327 1346 1349 1098 1401 1267 1233 1326 1526 1234 1294 1638 1336 1327 1339 1340 1402 1348 1364 1352 1397 1534 1290 1219 1189 1375 1161 1402 1335 1384 1273 1117 1545 1336 1306 1240 1137 1305 1285 1254 1344 1357 1011 1383 1330 1238 1306 1285 1298 1374 1318 1047 1084 1266 1404 1296 1226 1359 1370 1230 
1394 1325 1223 1223 1344 1317 1376 1231 1376 1314 1199 1329 1610 1104 1338 1645 1364 1388 1375 1372 1280 1237 1354 1332 1409 1522 1171 1174 1160 1387 1161 1450 1393 1462 1351 1120 1604 1279 1320 1318 1220 1315 1261 1249 1396 1353 1119 1431 1240 1316 1212 1126 1331 1226 1401 1137 1000 1298 1287 1344 1292 1457 1361 1182 
1375 1388 1245 1059 1293 1243 1221 1033 1201 1100 1121 1221 1497 1175 1243 1498 1132 1264 1358 1269 1408 1236 1243 1138 1259 1370 1283 1072 1169 1160 1084 1434 1192 1292 1236 1197 1374 1074 1214 1217 1251 1250 1256 1069 1262 1240 1065 1300 1158 1103 1291 1131 1252 1027 1291 1177 1065 1097 1144 1246 1283 1176 1302 1202 
1328 1199 1036 1079 1200 1179 1282 1017 1230 1069 1129 1326 1391 989 1232 1507 1192 1203 1198 1069 1234 1335 1128 1179 1147 1411 1204 1097 1161 1292 1107 1265 1217 1160 1162 1142 1446 1174 1165 1033 991 1125 1252 1165 1272 1202 1055 1317 1012 1083 1161 1091 1117 1158 1328 966 1126 1219 1110 1068 1219 1215 1236 986 
1506 1397 1348 1366 1574 1433 1513 1190 1401 1440 1372 1645 1666 1228 1435 1804 1325 1515 1441 1397 1450 1435 1432 1330 1479 1715 1333 1326 1242 1421 1313 1444 1417 1450 1412 1259 1623 1345 1391 1388 1273 1498 1386 1498 1553 1569 1236 1653 1429 1364 1348 1279 1262 1354 1499 1278 1226 1339 1410 1310 1441 1584 1361 1317 
1423 1404 1313 1359 1490 1232 1488 1142 1399 1463 1292 1594 1655 1274 1319 1691 1207 1400 1319 1416 1421 1458 1430 1422 1463 1589 1349 1220 1311 1424 1369 1544 1478 1447 1430 1172 1737 1271 1340 1261 1201 1519 1457 1299 1367 1447 1226 1614 1319 1358 1391 1393 1334 1266 1595 1101 1219 1250 1258 1296 1477 1411 1333 1304 
1371 1326 1159 1171 1338 1222 1344 1107 1259 1099 1259 1276 1463 1144 1219 1582 1259 1421 1336 1277 1337 1213 1308 1161 1271 1545 1122 1170 1175 1282 1176 1430 1217 1345 1229 1151 1352 1285 1304 1103 1204 1217 1283 1198 1241 1273 1011 1266 1253 1114 1239 1175 1190 1147 1365 1158 1132 1255 1242 1150 1251 1238 1304 1135 
1386 1503 1287 1254 1262 1179 1421 1055 1139 1281 1173 1367 1464 1209 1243 1569 1301 1420 1294 1228 1468 1197 1398 1213 1203 1391 1319 1168 1187 1354 1256 1521 1242 1302 1176 1246 1477 1318 1281 1261 1278 1451 1286 1334 1394 1274 1010 1407 1207 1248 1351 1252 1244 1103 1409 1221 1129 1241 1249 1309 1358 1311 1311 1256 
1236 1245 1049 1073 1324 1178 1244 1064 1308 1186 1121 1323 1405 1074 1209 1517 1261 1319 1297 1199 1222 1158 1273 1169 1373 1347 1122 1031 1101 1228 1019 1324 1249 1321 1084 1134 1270 1152 1162 1205 1174 1101 1251 1163 1328 1294 998 1441 1146 1142 1122 1039 1281 1179 1116 1120 959 1248 1065 1205 1246 1318 1425 1092 
1448 1369 1184 1181 1436 1389 1387 1148 1335 1425 1340 1620 1658 1208 1333 1702 1183 1433 1381 1282 1378 1419 1413 1305 1408 1642 1374 1155 1184 1297 1237 1386 1441 1360 1340 1327 1606 1302 1439 1211 1189 1407 1423 1254 1419 1546 1248 1575 1350 1217 1337 1188 1191 1273 1368 1203 1179 1321 1240 1288 1399 1427 1388 1222 
1391 1380 1280 1145 1335 1304 1299 1037 1377 1385 1211 1474 1629 1120 1296 1717 1349 1373 1440 1140 1487 1268 1344 1279 1290 1539 1273 1224 1128 1392 1166 1527 1193 1343 1339 1338 1413 1245 1393 1325 1226 1318 1306 1301 1404 1422 1100 1346 1329 1304 1264 1283 1227 1196 1384 1246 1083 1352 1250 1352 1359 1449 1266 1258 
1344 1368 1279 1275 1216 1261 1478 1042 1339 1317 1259 1427 1552 1209 1394 1704 1326 1392 1417 1304 1399 1287 1366 1274 1321 1576 1272 1074 1086 1356 1341 1540 1275 1475 1264 1288 1504 1314 1374 1340 1265 1526 1351 1321 1403 1327 1096 1523 1212 1292 1303 1204 1333 1279 1234 1023 1126 1257 1282 1371 1361 1478 1389 1302 
1528 1515 1267 1281 1334 1337 1312 1149 1359 1412 1180 1424 1581 1074 1274 1630 1402 1311 1398 1213 1455 1363 1376 1327 1364 1508 1363 1169 1235 1483 1168 1463 1187 1288 1305 1310 1573 1176 1225 1307 1264 1319 1290 1238 1382 1340 1067 1317 1291 1267 1375 1341 1188 1164 1398 1324 1127 1268 1230 1377 1365 1348 1338 1192 
1333 1280 1255 1170 1407 1244 1288 1035 1319 1341 1290 1372 1497 1090 1375 1692 1218 1384 1375 1249 1431 1314 1510 1312 1308 1483 1287 1252 1196 1380 1155 1415 1291 1379 1395 1195 1508 1250 1413 1263 1107 1436 1411 1250 1459 1394 1176 1461 1358 1341 1323 1294 1152 1063 1307 1159 1123 1244 1303 1185 1268 1425 1348 1296 
1473 1449 1386 1243 1588 1460 1495 1306 1504 1366 1332 1594 1709 1256 1290 1714 1257 1419 1429 1413 1459 1286 1446 1359 1567 1552 1425 1179 1171 1335 1189 1455 1424 1570 1395 1454 1590 1272 1501 1429 1228 1495 1409 1367 1386 1540 1184 1488 1303 1285 1468 1240 1487 1386 1427 1291 1245 1266 1339 1346 1520 1401 1421 1345 
1324 1354 1231 1227 1330 1132 1311 1109 1247 1299 1165 1442 1451 1006 1266 1547 1185 1214 1212 1084 1375 1378 1230 1322 1253 1553 1431 1141 1165 1415 1087 1364 1248 1362 1330 1230 1440 1290 1412 1210 1139 1174 1289 1159 1357 1328 1220 1494 1209 1147 1332 1265 1319 1246 1359 1200 1168 1223 1185 1181 1274 1307 1476 1151 
1260 1367 1251 1078 1344 1268 1223 1102 1242 1327 1248 1416 1576 1179 1178 1488 1136 1294 1311 1223 1308 1251 1242 1188 1311 1552 1350 1020 1083 1288 1214 1368 1243 1334 1263 1125 1382 1164 1271 1298 1216 1315 1409 1330 1307 1279 1123 1336 1090 1153 1193 1202 1212 1184 1405 1128 1123 1141 1277 1181 1438 1200 1170 1099 
1264 1403 1213 1126 1290 1155 1262 1058 1349 1135 1181 1445 1402 1005 1170 1496 1201 1212 1224 1182 1282 1271 1219 1237 1275 1562 1172 1187 1074 1351 1139 1226 1237 1340 1301 1094 1448 1052 1176 1206 1191 1334 1251 1183 1244 1220 1067 1331 1140 1152 1261 1130 1292 1259 1273 1064 1212 1150 1242 1168 1393 1269 1185 1157 
1399 1415 1227 1196 1345 1285 1258 1000 1259 1283 1177 1358 1479 1090 1238 1591 1108 1208 1341 1194 1379 1333 1222 1168 1262 1441 1234 1046 1088 1321 1064 1363 1195 1202 1208 1214 1533 1146 1163 1160 1152 1244 1267 1099 1377 1390 1013 1502 1083 1156 1243 1286 1139 1043 1320 1129 1006 1171 1271 1173 1273 1237 1312 1108 
1680 1517 1246 1270 1423 1360 1461 1223 1353 1413 1369 1563 1702 1228 1358 1771 1325 1470 1474 1392 1526 1612 1599 1426 1417 1853 1460 1211 1227 1357 1312 1608 1487 1456 1352 1434 1775 1476 1317 1244 1278 1306 1504 1411 1566 1484 1265 1532 1425 1206 1384 1328 1262 1317 1567 1275 1250 1403 1451 1431 1486 1501 1535 1097 
1534 1437 1410 1422 1386 1394 1541 1167 1311 1408 1337 1565 1743 1263 1436 1804 1399 1467 1487 1292 1551 1421 1296 1253 1391 1604 1368 1357 1282 1534 1324 1594 1490 1440 1402 1273 1622 1328 1457 1379 1269 1378 1418 1418 1499 1534 1144 1593 1378 1401 1459 1328 1303 1305 1520 1311 1232 1351 1367 1314 1427 1402 1512 1243 
1429 1266 1228 1063 1307 1155 1274 1011 1223 1120 1139 1280 1342 984 1165 1507 1082 1198 1064 1120 1343 1163 1133 1133 1139 1348 1256 1051 1034 1317 988 1222 1194 1193 1173 1172 1373 1181 1218 1083 948 1242 1204 1022 1165 1221 1052 1212 1110 1141 1282 1165 1104 1217 1298 1072 1057 1108 1092 1150 1265 1186 1277 1152 
1324 1221 1178 1258 1276 1220 1439 1066 1251 1137 1029 1313 1519 1055 1252 1479 1224 1202 1234 1267 1265 1275 1286 1110 1193 1429 1219 1116 1040 1239 1077 1236 1231 1319 1147 1189 1405 1203 1238 1210 973 1267 1285 1457 1333 1258 980 1280 1230 1084 1167 1084 1182 1186 1333 1039 1111 1170 1230 1242 1256 1352 1314 1076 
1544 1463 1259 1206 1455 1360 1417 1258 1513 1121 1298 1563 1690 1286 1378 1638 1452 1424 1290 1316 1477 1430 1345 1287 1459 1563 1393 1317 1373 1391 1291 1435 1467 1570 1435 1262 1521 1309 1330 1347 1382 1364 1364 1316 1327 1372 1198 1380 1246 1298 1329 1245 1397 1376 1447 1146 1239 1245 1260 1358 1549 1373 1447 1302 
1312 1318 1293 1268 1383 1256 1370 1151 1245 1140 1118 1409 1560 1169 1355 1654 1348 1424 1251 1251 1436 1266 1340 1200 1356 1432 1400 1126 1190 1199 1193 1268 1222 1268 1199 1135 1499 1149 1345 1203 1159 1301 1252 1304 1327 1333 1122 1391 1197 1297 1176 1210 1271 1260 1407 1230 1032 1249 1093 1237 1214 1271 1299 1287 
1092 1120 1052 1020 1133 1077 1207 880 1084 1049 1093 1106 1316 1024 972 1256 977 961 1121 1051 1163 1052 1151 968 1150 1388 1005 955 835 1099 916 1167 1111 1224 986 1140 1250 1107 1089 1067 929 1172 1123 1127 1162 1125 923 1194 1041 1006 1011 886 1069 975 1039 877 1014 1025 1253 1092 1183 1153 1095 919 
1339 1224 1160 951 1146 1144 1104 912 1092 1158 1132 1149 1268 1021 1033 1191 1082 1118 1161 1098 1072 1163 1077 1023 1087 1335 1005 906 858 1073 986 1218 1092 1203 1157 1031 1227 1142 1015 1039 1006 1007 1156 1041 992 1045 983 1120 1045 927 1070 1104 1076 1093 1169 932 1035 1013 1219 968 1182 1018 1167 1003 
1131 1088 958 930 1062 953 916 830 1115 1011 931 1101 1283 920 941 1205 911 1043 1030 1025 1082 1017 1119 1008 1028 1268 1086 901 859 1045 829 1049 1100 1100 988 893 1179 952 991 934 1007 998 1049 964 1021 1105 884 1038 1059 840 1050 921 1041 937 1024 916 896 943 1023 977 1063 1066 1092 928 
1679 1589 1530 1505 1707 1421 1708 1389 1544 1525 1343 1657 1899 1396 1440 1785 1472 1585 1602 1587 1574 1489 1587 1438 1610 1662 1495 1433 1306 1517 1342 1593 1459 1680 1444 1444 1704 1551 1490 1524 1429 1508 1578 1666 1489 1700 1216 1649 1599 1281 1531 1423 1581 1450 1632 1394 1322 1428 1518 1545 1634 1522 1605 1501 
1503 1440 1150 1224 1481 1437 1320 1127 1466 1278 1362 1551 1811 1215 1382 1680 1327 1454 1452 1345 1417 1449 1397 1363 1548 1520 1345 1207 1212 1323 1216 1473 1385 1478 1416 1392 1589 1287 1329 1423 1308 1427 1359 1273 1502 1500 1272 1521 1347 1263 1313 1198 1342 1335 1359 1162 1124 1381 1356 1302 1397 1493 1379 1257 
1457 1405 1195 1361 1470 1340 1491 1242 1480 1343 1367 1522 1761 1238 1374 1742 1467 1551 1421 1345 1434 1400 1511 1321 1445 1548 1260 1279 1289 1376 1266 1563 1432 1652 1413 1426 1530 1450 1403 1402 1321 1380 1369 1450 1443 1468 1275 1469 1424 1308 1311 1237 1413 1336 1441 1255 1269 1386 1354 1335 1533 1479 1442 1293 
1394 1354 1239 1213 1428 1185 1403 1105 1217 1248 1228 1305 1511 1250 1186 1412 1072 1269 1168 1265 1222 1232 1329 1065 1255 1423 1339 1093 1085 1152 1118 1344 1146 1347 1356 1274 1425 1162 1193 1195 1222 1256 1231 1117 1273 1264 1152 1345 1052 1034 1269 1154 1277 1225 1354 1162 985 1146 1166 1087 1378 1278 1336 1156 
1418 1404 1428 1310 1457 1269 1431 1214 1320 1289 1158 1346 1598 1138 1309 1657 1200 1313 1252 1299 1544 1133 1378 1152 1433 1493 1389 1145 1250 1449 1081 1364 1340 1411 1265 1300 1479 1181 1403 1399 1315 1466 1267 1316 1440 1333 1102 1379 1229 1313 1381 1102 1274 1257 1340 1353 1219 1166 1395 1284 1373 1333 1412 1222 
1309 1354 1178 1050 1314 1210 1220 1042 1290 1189 1129 1442 1536 1029 1219 1622 1134 1225 1216 1084 1402 1334 1296 1331 1246 1483 1403 1030 1125 1277 1107 1338 1227 1187 1150 1302 1450 1200 1200 1172 1069 1275 1293 1306 1384 1323 1086 1311 1112 1193 1162 1223 1138 1187 1414 1152 1050 1168 1174 1266 1255 1303 1238 1114 
1471 1354 1331 1223 1413 1267 1400 1151 1452 1364 1411 1516 1601 1207 1320 1703 1222 1385 1396 1280 1413 1365 1207 1165 1377 1562 1259 1215 1268 1580 1170 1483 1387 1354 1300 1364 1589 1341 1364 1252 1219 1264 1414 1315 1492 1448 1178 1515 1272 1280 1323 1222 1325 1299 1422 1202 1196 1449 1466 1274 1511 1433 1364 1167 
1516 1345 1205 1028 1392 1190 1240 1111 1321 1111 1117 1350 1553 1064 1242 1561 1247 1259 1214 1211 1391 1283 1270 1196 1276 1474 1364 1112 1174 1306 1114 1302 1285 1284 1179 1255 1468 1136 1242 1178 1087 1332 1408 1169 1286 1383 973 1327 1247 1055 1356 1286 1289 1073 1373 1259 1092 1190 1138 1351 1392 1251 1368 1275 
1512 1456 1312 1236 1489 1448 1478 1166 1538 1313 1408 1486 1702 1147 1384 1809 1332 1430 1482 1463 1515 1454 1443 1380 1540 1628 1367 1138 1329 1451 1302 1531 1398 1407 1278 1413 1650 1347 1404 1443 1291 1574 1534 1333 1479 1630 1069 1526 1227 1429 1465 1435 1526 1298 1487 1248 1172 1341 1428 1517 1438 1554 1432 1326 
1537 1595 1329 1330 1536 1463 1563 1213 1423 1248 1363 1649 1800 1346 1373 1818 1378 1607 1414 1423 1688 1422 1499 1304 1429 1689 1445 1218 1301 1391 1294 1588 1442 1476 1336 1419 1692 1274 1460 1355 1427 1508 1463 1387 1474 1528 1205 1507 1326 1348 1338 1262 1455 1355 1586 1383 1155 1404 1385 1432 1583 1472 1427 1331 
1593 1489 1249 1232 1309 1294 1389 1075 1365 1190 1278 1391 1661 1230 1275 1670 1321 1409 1241 1375 1514 1378 1480 1407 1391 1509 1300 1175 1268 1241 1272 1467 1408 1439 1248 1328 1551 1304 1177 1357 1159 1463 1372 1278 1342 1293 1161 1387 1297 1200 1326 1255 1247 1261 1445 1147 1146 1234 1350 1310 1394 1352 1437 1260 
1201 1225 1027 1075 1254 1255 1247 1041 1221 1053 1118 1171 1334 936 1048 1420 1061 1165 1168 1133 1108 1298 1163 1172 1282 1319 1095 1085 1138 1145 1028 1250 1173 1271 1137 1227 1236 1045 1041 1140 1020 1125 1150 1088 1106 1198 986 1277 1093 1011 1092 1135 1253 1024 1308 1042 1044 1054 1002 1078 1208 1204 1129 938 
1319 1305 1169 1202 1242 1113 1328 1071 1242 1335 1325 1574 1475 1147 1077 1534 1073 1238 1332 1273 1268 1307 1260 1145 1258 1611 1108 991 1075 1292 1248 1396 1347 1224 1174 1213 1494 1139 1213 1274 1062 1357 1403 1254 1290 1360 1087 1421 1185 1112 1334 1100 1349 1250 1306 1040 1103 1196 1277 1370 1395 1391 1273 1135 
1588 1714 1338 1325 1544 1368 1554 1199 1463 1479 1480 1597 1759 1348 1256 1714 1257 1529 1414 1415 1522 1327 1597 1320 1484 1616 1426 1254 1249 1517 1307 1555 1471 1532 1401 1459 1558 1446 1325 1432 1522 1529 1366 1341 1384 1483 1216 1417 1417 1323 1465 1319 1285 1365 1467 1345 1090 1297 1538 1309 1520 1406 1349 1276 
1603 1647 1485 1320 1635 1535 1577 1274 1643 1542 1513 1734 1876 1369 1448 1945 1461 1687 1530 1584 1666 1622 1503 1473 1723 1812 1607 1275 1395 1405 1364 1753 1515 1705 1459 1509 1821 1349 1594 1543 1380 1541 1636 1418 1658 1595 1405 1784 1422 1353 1562 1431 1587 1544 1599 1409 1380 1535 1529 1500 1598 1504 1567 1459 
1332 1414 1046 1192 1416 1330 1291 1134 1442 1291 1246 1411 1475 1149 1273 1650 1276 1402 1334 1332 1320 1294 1444 1298 1359 1423 1278 1071 1330 1340 1211 1346 1345 1258 1240 1235 1440 1263 1291 1218 1178 1345 1387 1253 1382 1387 1050 1373 1198 1199 1305 1212 1285 1180 1347 1152 1049 1325 1249 1168 1236 1449 1303 1124 
1176 1100 980 922 997 943 1072 751 1026 944 1048 1201 1322 879 988 1229 903 1110 1131 958 1185 1115 1037 1014 1033 1304 1029 882 865 1118 982 1291 1047 1125 1027 1103 1133 1052 1052 920 946 1011 1108 1092 1155 1115 877 1180 1066 930 1065 1048 903 885 1036 902 918 959 1147 959 1112 1010 1208 833 
1534 1339 1399 1208 1439 1293 1364 1270 1388 1324 1310 1442 1612 1200 1287 1633 1311 1360 1326 1222 1412 1270 1273 1279 1439 1565 1378 1170 1243 1499 1218 1464 1310 1464 1370 1350 1609 1423 1410 1318 1373 1370 1340 1266 1264 1495 1176 1381 1239 1275 1376 1297 1299 1209 1521 1170 1188 1270 1323 1338 1522 1417 1288 1158 
1465 1446 1338 1245 1458 1137 1437 1148 1434 1316 1413 1430 1544 1180 1282 1636 1168 1300 1377 1301 1489 1323 1445 1294 1403 1467 1292 1076 1228 1508 1217 1466 1307 1345 1245 1392 1556 1312 1333 1312 1253 1441 1407 1295 1350 1399 1068 1488 1224 1269 1354 1376 1376 1158 1455 1199 1119 1270 1328 1379 1436 1423 1400 1279 
1532 1567 1297 1252 1467 1416 1416 1115 1427 1315 1298 1619 1737 1256 1344 1683 1360 1514 1368 1264 1480 1296 1239 1343 1407 1606 1365 1162 1301 1427 1214 1648 1386 1487 1383 1427 1576 1321 1368 1365 1406 1415 1331 1368 1462 1438 1117 1427 1215 1330 1416 1295 1364 1335 1487 1256 1139 1244 1319 1396 1597 1330 1374 1256 
1577 1496 1391 1411 1472 1337 1550 1189 1423 1311 1462 1683 1761 1351 1432 1847 1365 1632 1554 1422 1662 1529 1402 1288 1430 1683 1351 1305 1372 1501 1395 1736 1445 1528 1437 1454 1601 1456 1508 1256 1299 1449 1595 1415 1565 1550 1212 1611 1362 1362 1463 1374 1333 1289 1611 1192 1287 1473 1468 1348 1664 1544 1429 1278 
1465 1408 1251 1220 1437 1243 1400 1118 1315 1272 1322 1490 1575 1208 1383 1634 1279 1364 1510 1315 1391 1340 1360 1283 1331 1546 1338 1171 1084 1340 1268 1401 1254 1386 1236 1232 1511 1347 1411 1226 1198 1405 1436 1377 1422 1425 1120 1446 1257 1240 1380 1200 1329 1310 1257 1116 1197 1300 1305 1239 1297 1365 1381 1305 
1418 1391 1244 1268 1543 1340 1463 1192 1472 1324 1367 1516 1758 1319 1438 1735 1333 1450 1419 1270 1500 1331 1435 1306 1444 1678 1432 1308 1311 1494 1301 1585 1461 1544 1508 1369 1573 1306 1455 1379 1280 1363 1412 1361 1417 1474 1242 1485 1295 1337 1308 1223 1385 1293 1540 1209 1232 1459 1318 1287 1620 1460 1450 1248 
1331 1261 1120 1097 1283 1158 1277 1146 1289 1187 1050 1401 1557 1110 1230 1539 1297 1287 1272 1230 1292 1252 1274 1141 1316 1424 1204 1187 1208 1263 1083 1349 1361 1456 1212 1153 1284 1221 1228 1342 1283 1246 1316 1288 1361 1272 1105 1359 1267 1108 1182 1120 1281 1243 1288 1140 1105 1247 1189 1286 1338 1376 1340 1111 
