0 0 0 0 0 0 0 0 0 0 0 0 0 0 0 0 
0 0 15 20 0 0 0 0 0 0 0 0 0 0 0 24 
25 81 15 0 0 0 0 0 0 0 56 0 0 5 21 0 
0 0 0 0 0 0 0 0 0 0 0 0 0 0 0 0 
0 0 0 0 0 0 0 0 0 0 0 0 0 0 0 0 
0 0 2 0 0 0 0 0 6 0 14 2 18 0 0 0 
0 45 0 0 0 0 0 0 0 0 30 0 0 40 0 0 
0 45 0 0 0 0 0 0 0 0 79 7 0 40 0 0 
4 0 5 0 0 0 0 0 0 0 72 0 0 0 27 0 
0 0 0 5 0 0 56 0 0 0 0 0 0 0 35 6 
0 0 0 0 0 0 0 0 0 0 0 0 0 0 0 0 
16 0 0 0 0 0 0 0 0 0 0 0 0 0 0 0 
45 0 27 0 0 0 0 0 0 0 0 0 0 9 0 0 
0 36 0 0 0 0 0 0 0 0 0 0 0 0 0 0 
0 0 0 0 0 0 0 0 0 0 0 0 0 0 0 0 
0 0 0 0 0 0 0 0 0 0 0 0 0 0 0 0 
