340 364 494 333 313 220 343 229 431 544 354 254 411 457 459 428 
311 329 410 266 261 284 368 223 421 493 383 260 355 391 422 437 
343 298 496 348 398 362 314 294 457 564 370 281 394 402 412 444 
331 303 391 301 317 272 348 165 389 427 200 161 320 330 420 415 
480 394 562 416 450 354 365 340 519 594 453 317 393 450 506 503 
368 355 378 308 279 328 353 276 390 514 395 252 335 410 443 443 
393 348 440 342 346 360 344 280 431 564 378 245 395 415 453 438 
235 280 440 218 233 288 361 161 424 503 269 221 334 381 397 385 
344 398 496 328 300 281 375 168 447 496 292 253 407 398 455 471 
349 350 466 319 293 364 386 276 484 585 434 334 401 448 461 487 
258 204 387 261 265 210 227 207 371 413 270 213 247 354 306 308 
307 292 473 325 336 349 358 286 461 573 395 272 370 462 448 467 
331 294 432 296 305 293 291 245 397 467 317 242 304 350 373 375 
363 338 438 365 309 359 361 249 446 531 391 279 405 453 464 483 
360 275 455 336 344 295 296 215 405 495 257 202 316 395 410 372 
328 245 412 308 361 323 287 300 394 511 385 227 322 385 396 401 
