0 0 0 0 0 0 0 0 0 0 0 0 0 40 10 0 
0 0 0 0 0 0 0 0 0 0 0 0 0 24 6 0 
36 0 0 3 0 0 0 0 0 0 9 28 36 0 0 0 
0 0 0 0 42 0 0 0 0 0 0 12 0 16 4 0 
0 0 0 0 36 0 0 0 0 0 0 0 0 0 0 0 
0 0 0 0 0 0 0 0 0 0 0 0 0 0 0 0 
0 0 0 5 36 0 4 0 0 0 15 0 0 16 4 0 
0 0 0 0 0 0 20 2 0 0 0 0 6 0 0 0 
0 0 0 0 0 0 0 4 0 0 0 0 12 0 0 0 
0 0 0 0 0 0 0 0 0 0 0 0 0 0 0 0 
5 25 0 0 94 0 0 0 0 0 35 0 20 0 0 30 
0 0 0 0 0 0 0 0 0 0 0 0 0 0 0 0 
0 0 0 0 0 0 0 0 0 0 0 0 54 0 0 0 
0 0 0 0 0 0 0 0 0 0 0 0 0 0 0 0 
0 0 0 0 0 0 0 0 0 0 0 0 0 40 4 0 
32 0 0 0 0 8 0 0 0 4 0 0 0 0 0 0 
