1443 1483 1296 1464 1435 1502 1684 1356 1500 1711 1478 1247 1413 1564 1438 1368 1611 1356 1659 1553 1591 1443 1729 1484 1532 1460 1369 1512 1468 1582 1371 1518 1504 1515 1484 1652 1608 1554 1356 1632 1588 1191 1403 1319 1305 1329 1523 1264 1480 1557 1370 1654 1380 1497 1485 1520 1398 1483 1410 1575 1541 1624 1508 1524 
1391 1378 1171 1177 1306 1264 1610 1114 1347 1340 1451 1252 1385 1483 1173 1264 1391 1277 1384 1292 1495 1461 1565 1377 1578 1202 1127 1354 1472 1396 1370 1338 1440 1167 1334 1233 1538 1289 1311 1436 1528 1015 1253 1180 1225 1302 1413 1122 1374 1573 1313 1527 1193 1326 1408 1379 1292 1405 1250 1284 1443 1304 1591 1334 
1290 1151 1014 1056 1164 1045 1310 1117 1183 1235 1253 779 1155 1261 1174 1062 1357 1216 1277 1016 1220 1233 1340 1122 1387 1154 1249 1124 1235 1374 1070 1069 1284 1222 1187 1136 1271 1121 1192 1279 1312 1063 1061 1016 984 1055 1169 1006 1202 1263 1143 1280 1121 1134 1238 1264 1078 1223 1127 1128 1171 1311 1321 1189 
1299 1234 1078 1184 1399 1223 1347 1132 1272 1494 1302 1096 1159 1282 1287 1106 1309 1158 1485 1137 1282 1178 1345 1172 1278 1230 1146 1246 1217 1512 1192 1279 1328 1329 1313 1214 1422 1242 1189 1263 1383 1071 1226 1133 1211 1201 1279 1036 1285 1408 1264 1376 1282 1267 1307 1306 1194 1371 1223 1387 1407 1410 1362 1234 
1191 1404 1330 1241 1267 1284 1437 1249 1307 1545 1434 1317 1336 1372 1339 1308 1409 1468 1590 1283 1419 1330 1573 1276 1502 1308 1260 1288 1473 1473 1257 1407 1390 1341 1451 1392 1526 1438 1316 1449 1510 1032 1246 1250 1304 1205 1363 1164 1403 1534 1345 1528 1222 1515 1299 1360 1312 1428 1366 1442 1519 1429 1342 1333 
1420 1340 1236 1395 1469 1223 1458 1242 1397 1655 1515 1361 1337 1323 1432 1227 1495 1470 1571 1284 1393 1429 1570 1476 1499 1366 1312 1456 1452 1547 1345 1382 1603 1378 1430 1485 1517 1500 1454 1478 1632 1007 1441 1357 1266 1261 1493 1151 1541 1448 1349 1640 1390 1418 1334 1553 1325 1452 1309 1509 1599 1440 1621 1324 
1166 1134 1039 1105 1150 1155 1294 1012 1241 1304 1355 1184 1090 1339 1154 1276 1309 1224 1261 1088 1336 1244 1305 1174 1276 1062 1063 1147 1257 1400 1179 1044 1257 1117 1083 1028 1352 1058 1158 1293 1308 950 1115 1073 1085 1144 1162 975 1198 1401 1147 1349 1028 1197 1191 1101 1041 1193 1072 1250 1230 1177 1242 1210 
1221 1351 1079 1171 1251 1163 1370 1086 1402 1451 1368 1216 1238 1336 1362 1181 1314 1209 1421 1242 1341 1311 1431 1175 1362 1163 1240 1295 1306 1493 1167 1275 1300 1315 1250 1360 1310 1300 1311 1433 1342 997 1124 1225 1263 1236 1377 1049 1435 1341 1314 1361 1255 1297 1345 1279 1117 1228 1243 1242 1424 1378 1246 1275 
1308 1359 1255 1222 1220 1286 1502 1060 1328 1356 1584 1202 1240 1161 1190 1243 1279 1200 1387 1314 1309 1381 1530 1323 1349 1187 1158 1214 1389 1377 1180 1180 1438 1264 1233 1316 1542 1259 1205 1387 1338 1063 1363 1138 1194 1144 1151 1162 1215 1287 1189 1441 1238 1326 1245 1300 1276 1409 1288 1425 1333 1335 1294 1232 
1256 1160 1105 1176 1108 1253 1452 1257 1242 1285 1392 1157 1252 1379 1334 1150 1398 1207 1445 1231 1213 1172 1523 1084 1225 1376 1145 1235 1258 1386 967 1209 1296 1236 1390 1441 1322 1347 1363 1352 1340 1080 1167 1167 1264 1078 1215 1030 1204 1319 1230 1394 1230 1337 1324 1323 1161 1209 1121 1216 1350 1384 1270 1269 
1052 1164 1015 1154 1041 993 1144 984 1155 1288 1210 983 1004 1173 1117 1069 1157 1083 1129 1066 1077 1078 1344 1111 1189 979 1028 1116 1083 1280 910 1100 1101 1003 1011 1220 1136 1076 1130 1114 1187 891 1062 841 1015 1067 1093 870 1265 1191 1046 1242 1076 1047 994 1087 1197 1080 1013 1133 1198 1113 1243 1118 
1310 1367 1178 1246 1267 1347 1413 1185 1397 1394 1438 1148 1455 1417 1238 1115 1412 1202 1356 1331 1344 1317 1546 1373 1402 1304 1202 1262 1457 1498 1327 1232 1424 1268 1285 1418 1535 1349 1233 1376 1486 1074 1228 1303 1272 1338 1281 1115 1321 1435 1199 1466 1261 1310 1351 1372 1268 1316 1228 1321 1415 1383 1404 1304 
1388 1281 1084 1403 1337 1167 1517 1200 1290 1456 1397 1081 1292 1339 1397 1269 1346 1317 1430 1225 1295 1403 1489 1424 1423 1202 1250 1294 1266 1538 1201 1219 1376 1320 1253 1351 1374 1182 1368 1306 1390 1145 1475 1118 1151 1185 1331 1260 1357 1268 1159 1472 1222 1270 1269 1488 1101 1333 1312 1400 1360 1363 1397 1273 
1647 1686 1447 1460 1462 1525 1927 1591 1619 1695 1742 1441 1662 1679 1645 1548 1780 1484 1690 1498 1619 1700 1881 1506 1709 1494 1521 1617 1780 1821 1407 1526 1737 1665 1597 1693 1847 1634 1608 1859 1659 1351 1524 1491 1461 1547 1524 1380 1674 1609 1484 1725 1454 1628 1604 1695 1349 1623 1477 1588 1660 1650 1674 1686 
1355 1464 1309 1117 1269 1232 1542 1254 1325 1513 1468 1171 1288 1602 1399 1320 1384 1337 1446 1215 1488 1476 1619 1308 1608 1274 1316 1310 1496 1628 1297 1361 1412 1325 1385 1346 1543 1382 1374 1345 1523 1106 1187 1231 1307 1313 1417 1177 1550 1475 1323 1526 1264 1363 1484 1421 1281 1356 1389 1322 1475 1385 1527 1329 
1254 1470 1173 1126 1295 1263 1524 1233 1296 1485 1393 1084 1283 1445 1416 1210 1399 1269 1537 1252 1355 1463 1540 1299 1545 1246 1397 1319 1372 1493 1257 1261 1425 1427 1257 1471 1471 1394 1306 1339 1349 1155 1261 1141 1305 1276 1309 1086 1454 1304 1219 1365 1211 1347 1402 1365 1183 1400 1363 1261 1349 1473 1497 1409 
1637 1581 1290 1379 1582 1456 1764 1369 1588 1628 1576 1423 1494 1661 1486 1432 1676 1488 1734 1436 1606 1599 1724 1511 1695 1534 1404 1511 1575 1826 1460 1563 1608 1605 1625 1592 1799 1597 1578 1637 1624 1354 1466 1299 1524 1358 1564 1257 1628 1617 1468 1601 1449 1593 1622 1626 1408 1673 1497 1528 1612 1583 1722 1641 
1557 1522 1259 1422 1447 1485 1618 1356 1498 1594 1703 1442 1557 1485 1521 1263 1568 1448 1765 1426 1430 1404 1669 1356 1473 1480 1315 1528 1559 1699 1301 1345 1603 1476 1491 1579 1655 1532 1497 1609 1637 1124 1519 1413 1480 1440 1453 1225 1369 1440 1310 1559 1339 1528 1487 1622 1427 1611 1416 1546 1583 1746 1629 1503 
1301 1194 964 1027 1126 1078 1275 1037 1247 1261 1163 1100 1182 1204 983 1004 1233 982 1264 1093 1230 1150 1288 1291 1235 1080 1043 1156 1245 1273 1194 1216 1246 1176 1199 1206 1383 1221 1170 1275 1421 1014 1112 1090 1140 1009 1072 971 1153 1254 1082 1216 1134 1183 1157 1180 1220 1288 1170 1198 1289 1186 1356 1125 
1398 1414 1108 1153 1218 1099 1468 1264 1237 1362 1302 1081 1195 1385 1295 1172 1231 1200 1329 1258 1307 1271 1459 1269 1364 1131 1192 1244 1266 1417 1094 1321 1359 1253 1348 1416 1356 1435 1334 1330 1437 1226 1300 1124 1167 1135 1313 1118 1425 1277 1247 1425 1160 1254 1315 1179 1258 1278 1183 1312 1358 1373 1345 1412 
1545 1464 1377 1446 1494 1367 1676 1481 1559 1589 1747 1368 1574 1627 1439 1435 1594 1502 1623 1515 1520 1606 1816 1549 1517 1528 1391 1422 1620 1657 1406 1388 1620 1425 1603 1577 1686 1578 1589 1628 1777 1202 1527 1501 1436 1430 1484 1260 1624 1654 1481 1800 1286 1553 1494 1535 1383 1539 1364 1609 1666 1609 1661 1521 
1366 1276 1132 1130 1164 1158 1454 1197 1201 1367 1338 1189 1127 1467 1208 1209 1304 1212 1407 1258 1349 1397 1434 1301 1367 1294 1109 1282 1274 1425 1284 1237 1433 1302 1321 1318 1432 1345 1363 1307 1363 1003 1167 1103 1180 1191 1272 1048 1473 1387 1239 1340 1081 1281 1409 1264 1125 1349 1283 1373 1365 1350 1518 1322 
1394 1605 1157 1267 1221 1276 1529 1313 1304 1297 1494 1201 1241 1500 1249 1234 1412 1261 1326 1404 1391 1412 1603 1253 1315 1224 1289 1279 1394 1415 1247 1375 1398 1193 1396 1307 1402 1365 1327 1330 1459 1175 1263 1266 1268 1255 1221 1092 1310 1389 1247 1544 1248 1461 1436 1284 1392 1258 1331 1304 1400 1298 1492 1286 
1603 1392 1108 1313 1300 1278 1563 1279 1343 1504 1642 1285 1347 1346 1276 1209 1583 1379 1569 1287 1628 1416 1550 1317 1392 1342 1285 1424 1494 1518 1271 1293 1541 1397 1359 1372 1568 1377 1346 1539 1608 1092 1407 1304 1241 1278 1375 1169 1337 1444 1340 1522 1357 1410 1451 1469 1401 1519 1334 1491 1485 1560 1536 1444 
1254 1338 1260 1257 1264 1253 1512 1307 1277 1445 1527 1164 1328 1398 1361 1398 1421 1380 1472 1344 1417 1328 1565 1282 1446 1209 1328 1175 1320 1406 1184 1272 1402 1340 1364 1347 1434 1494 1279 1354 1351 1031 1265 1214 1201 1308 1245 1067 1341 1374 1276 1553 1112 1377 1405 1304 1153 1373 1297 1389 1308 1374 1433 1265 
1440 1469 1260 1357 1309 1391 1597 1291 1432 1557 1549 1231 1479 1485 1390 1368 1596 1268 1522 1402 1497 1542 1693 1401 1565 1361 1359 1436 1517 1665 1288 1280 1379 1470 1307 1539 1612 1427 1343 1632 1477 1116 1352 1224 1363 1310 1421 1107 1509 1472 1273 1634 1385 1451 1341 1500 1470 1525 1348 1382 1489 1519 1539 1544 
1517 1445 1300 1385 1238 1257 1604 1391 1337 1536 1549 1284 1472 1604 1468 1353 1527 1463 1515 1408 1494 1458 1658 1393 1561 1366 1301 1453 1468 1672 1298 1356 1476 1525 1574 1596 1634 1447 1509 1553 1514 1173 1290 1258 1364 1357 1354 1320 1608 1600 1425 1536 1288 1487 1436 1471 1217 1433 1339 1591 1585 1584 1448 1526 
1253 1297 1208 1216 1050 1162 1479 1239 1283 1356 1411 1217 1290 1293 1264 1221 1452 1227 1471 1232 1365 1375 1543 1348 1505 1332 1199 1195 1356 1425 1220 1251 1372 1371 1334 1342 1548 1396 1238 1461 1448 1093 1181 1096 1243 1100 1217 1153 1294 1361 1225 1312 1171 1226 1267 1284 1269 1383 1306 1298 1387 1345 1515 1327 
1168 1130 1133 1146 1107 1105 1401 1288 1188 1361 1320 1041 1211 1225 1370 1144 1350 1183 1412 1096 1250 1220 1402 1233 1255 1226 1248 1298 1280 1301 1086 1185 1369 1335 1208 1269 1349 1261 1191 1307 1266 1149 1218 1090 1079 1140 1234 1027 1249 1249 1172 1356 1162 1233 1280 1383 1184 1228 1199 1243 1396 1332 1366 1166 
1365 1462 1247 1271 1300 1332 1623 1306 1500 1529 1571 1285 1472 1652 1430 1412 1520 1388 1564 1508 1425 1467 1676 1432 1425 1394 1306 1446 1452 1490 1414 1444 1587 1452 1432 1543 1547 1567 1406 1534 1514 1318 1376 1243 1318 1386 1431 1189 1547 1493 1400 1547 1266 1422 1556 1549 1354 1313 1391 1493 1523 1513 1561 1496 
1271 1315 1086 1249 1272 1231 1477 1434 1348 1407 1359 1193 1312 1398 1289 1245 1477 1325 1451 1267 1382 1316 1464 1274 1279 1371 1214 1304 1377 1522 1261 1487 1478 1289 1502 1364 1459 1411 1345 1272 1365 1076 1200 1258 1258 1249 1354 978 1412 1423 1307 1460 1266 1386 1459 1443 1284 1310 1293 1384 1439 1398 1406 1221 
1371 1432 1103 1167 1168 1211 1552 1356 1214 1239 1345 1163 1281 1336 1214 1239 1388 1253 1376 1128 1345 1361 1533 1254 1347 1194 1289 1326 1360 1391 1148 1257 1369 1244 1362 1254 1472 1405 1237 1381 1399 999 1172 1145 1176 1167 1204 1040 1349 1283 1129 1412 1182 1261 1332 1272 1224 1255 1244 1319 1313 1303 1522 1250 
1228 1305 1159 1131 1244 1240 1332 1219 1282 1372 1352 1127 1210 1396 1196 1197 1444 1259 1387 1129 1359 1201 1449 1178 1242 1230 1218 1269 1409 1398 1154 1243 1285 1234 1365 1267 1355 1261 1229 1252 1442 1091 1141 1211 1196 1222 1250 1041 1303 1336 1196 1414 1167 1320 1395 1286 1260 1307 1390 1230 1361 1396 1405 1156 
995 897 961 788 941 1016 1261 949 983 1156 1098 978 1087 1038 1061 949 1059 940 1077 891 1045 1065 1240 1012 1034 894 884 991 1107 1217 830 938 1032 1044 955 1081 1175 1009 934 1137 928 779 994 889 902 923 861 787 996 1040 950 1177 985 1126 954 1095 917 1129 959 1016 1145 1194 1031 1105 
1219 1109 1043 1242 1148 1142 1349 1053 1146 1244 1316 1018 1148 1167 1110 1096 1303 1056 1258 1100 1152 1068 1334 1176 1253 1225 1037 1207 1156 1273 982 968 1196 1245 1098 1292 1379 1165 1233 1351 1258 906 1166 1032 1053 1031 1167 959 1251 1171 1009 1373 1100 1184 1105 1294 1088 1222 1068 1228 1207 1277 1197 1194 
1259 1151 1125 1218 1256 1290 1328 1121 1284 1490 1383 1093 1154 1252 1198 1132 1417 1254 1467 1233 1362 1155 1372 1212 1152 1221 1125 1248 1165 1310 1151 1206 1367 1377 1323 1457 1326 1358 1218 1273 1451 936 1178 1180 1182 1246 1095 974 1159 1405 1240 1405 1276 1227 1297 1247 1207 1338 1260 1372 1365 1413 1235 1268 
1369 1411 1336 1141 1248 1258 1429 1302 1349 1448 1390 1232 1253 1480 1374 1309 1373 1275 1407 1319 1314 1323 1654 1361 1560 1311 1253 1339 1498 1448 1265 1403 1412 1300 1364 1291 1535 1450 1370 1471 1360 1166 1221 1288 1173 1240 1339 1051 1396 1392 1264 1536 1268 1398 1398 1403 1329 1402 1287 1329 1484 1359 1511 1327 
1449 1487 1211 1398 1320 1379 1730 1374 1465 1584 1654 1362 1398 1522 1461 1467 1551 1478 1669 1351 1592 1544 1676 1425 1461 1319 1392 1350 1479 1666 1333 1407 1460 1485 1428 1423 1644 1520 1413 1432 1727 1195 1383 1262 1316 1361 1385 1178 1436 1616 1443 1712 1418 1477 1497 1411 1388 1529 1373 1544 1529 1522 1577 1411 
1150 1192 1061 986 1042 1118 1276 1006 1164 1185 1216 1061 1188 1178 1079 976 1253 1012 1202 1135 1088 1181 1391 1072 1273 1118 1028 1065 1262 1359 1047 1143 1085 1042 1160 1212 1339 1140 1172 1248 1193 864 964 1118 1146 1128 1051 1005 1209 1151 1071 1119 1036 1277 1175 1299 1091 1245 1103 1124 1204 1167 1236 1200 
1395 1243 1279 1187 1226 1215 1607 1348 1280 1504 1366 1205 1277 1425 1352 1289 1470 1282 1475 1221 1529 1392 1514 1286 1337 1381 1105 1282 1342 1510 1234 1220 1392 1405 1334 1420 1591 1386 1282 1415 1360 1033 1285 1089 1166 1205 1247 1118 1302 1404 1140 1483 1208 1329 1347 1392 1155 1426 1260 1457 1419 1348 1540 1376 
1007 1156 1100 1060 1047 1062 1183 1052 1102 1252 1284 1046 1076 1155 1354 1005 1167 1087 1420 1077 1244 1149 1355 1049 1253 1090 1139 1125 1190 1221 1026 1015 1106 1125 951 1077 1192 1168 1167 1210 1271 890 1135 1035 1089 1011 1033 999 1084 1168 1041 1208 1089 1163 1058 1148 1082 1172 1131 1151 1268 1308 1263 1190 
1212 1302 1146 1138 1177 1125 1424 1147 1157 1427 1328 1078 1310 1396 1365 1162 1334 1333 1506 1211 1202 1214 1415 1135 1339 1228 1234 1215 1333 1383 1052 1185 1211 1301 1305 1317 1386 1293 1269 1248 1385 982 1210 1084 1178 1220 1133 1163 1254 1309 1202 1372 1107 1386 1303 1388 1031 1213 1189 1277 1312 1298 1237 1328 
1340 1375 1110 1233 1358 1270 1531 1333 1383 1517 1486 1146 1292 1445 1348 1187 1523 1386 1496 1236 1298 1293 1560 1267 1348 1271 1371 1339 1291 1485 1075 1346 1428 1272 1422 1462 1375 1397 1271 1323 1483 1153 1251 1207 1335 1289 1320 992 1356 1396 1249 1516 1381 1421 1448 1370 1462 1291 1412 1248 1448 1542 1490 1285 
1365 1419 1173 1307 1298 1187 1517 1255 1419 1507 1441 1206 1290 1479 1465 1314 1410 1414 1580 1311 1504 1365 1571 1324 1466 1299 1306 1414 1298 1627 1276 1409 1477 1381 1381 1479 1531 1386 1385 1327 1497 1130 1317 1113 1335 1328 1384 1301 1415 1512 1360 1411 1289 1330 1497 1451 1205 1324 1320 1528 1412 1479 1449 1401 
1344 1345 1141 1103 1366 1185 1509 1118 1234 1380 1501 1083 1283 1437 1131 1153 1432 1250 1427 1326 1383 1399 1586 1403 1441 1243 1269 1247 1445 1312 1243 1325 1405 1281 1261 1255 1519 1309 1303 1282 1480 1152 1253 1206 1097 1324 1209 1115 1390 1320 1291 1467 1180 1281 1409 1493 1322 1447 1129 1361 1310 1363 1514 1359 
1373 1384 1159 1261 1253 1278 1503 1343 1337 1555 1432 1211 1446 1462 1463 1234 1423 1330 1390 1261 1414 1408 1615 1355 1389 1245 1259 1237 1288 1590 1216 1357 1297 1490 1447 1443 1436 1410 1235 1407 1383 1128 1289 1187 1311 1121 1222 1068 1313 1374 1264 1589 1430 1353 1270 1445 1217 1313 1267 1454 1522 1436 1537 1334 
1349 1290 1235 1306 1158 1208 1437 1239 1309 1487 1454 1106 1269 1342 1349 1166 1465 1303 1480 1342 1327 1243 1439 1272 1392 1225 1227 1341 1298 1511 1081 1291 1367 1263 1448 1433 1458 1323 1307 1279 1424 1046 1242 1208 1244 1284 1281 1169 1403 1376 1344 1403 1134 1313 1377 1447 1250 1338 1255 1476 1384 1399 1411 1319 
1356 1313 1103 1071 1092 1143 1391 1180 1267 1259 1371 1090 1151 1316 1186 1062 1351 1182 1257 1136 1272 1195 1387 1066 1309 1099 1107 1222 1305 1394 1064 1191 1387 1239 1296 1304 1328 1178 1358 1335 1270 1031 1117 1184 1162 1061 1210 1067 1177 1261 1091 1403 1111 1388 1274 1287 1231 1227 1220 1265 1282 1365 1314 1179 
1458 1479 1438 1241 1259 1363 1582 1337 1453 1526 1490 1292 1407 1529 1486 1301 1439 1357 1534 1315 1413 1512 1574 1381 1618 1258 1273 1459 1509 1503 1341 1326 1531 1481 1494 1504 1491 1533 1475 1513 1459 1095 1339 1375 1322 1252 1258 1163 1425 1460 1336 1582 1277 1490 1343 1465 1274 1433 1410 1399 1574 1454 1582 1321 
1230 1173 1073 1039 1031 1067 1385 1189 1142 1305 1330 1039 1093 1347 1179 1083 1339 1250 1319 1133 1144 1248 1378 1135 1243 1144 1105 1104 1215 1284 1046 1252 1304 1203 1357 1204 1330 1285 1152 1166 1312 907 1022 1125 1014 1114 1123 1057 1139 1305 1098 1282 1032 1312 1281 1284 1016 1235 1204 1215 1233 1377 1316 1233 
871 1082 898 844 1023 868 1197 952 1093 1161 1176 985 1012 1189 1062 989 1179 1077 1279 1081 1065 1100 1152 1003 1190 1068 1004 989 972 1183 1048 1081 1125 992 1026 984 1215 1052 951 971 1104 833 942 889 971 1078 1059 903 1033 1190 1104 1105 850 1014 1183 1169 963 1119 1074 1021 1087 1218 1192 1073 
1386 1415 1225 1392 1357 1337 1649 1309 1316 1421 1535 1285 1356 1412 1229 1386 1474 1280 1449 1277 1372 1455 1635 1369 1404 1250 1225 1391 1422 1573 1182 1342 1393 1349 1528 1429 1624 1472 1385 1465 1487 1049 1335 1230 1201 1345 1344 1130 1512 1431 1327 1547 1174 1373 1315 1381 1256 1496 1204 1475 1495 1374 1384 1385 
1248 1261 996 1185 1176 1198 1301 1166 1187 1168 1207 986 1225 1190 1132 1077 1189 1050 1246 1110 1181 1142 1399 1073 1208 1224 1041 1193 1382 1300 1125 1153 1209 1170 1141 1114 1360 1115 1144 1280 1232 1091 1191 1100 1087 1060 1203 944 1212 1148 1029 1251 1122 1315 1197 1241 1188 1282 1232 1142 1223 1224 1235 1146 
1231 1405 1061 1231 1199 1189 1533 1178 1332 1385 1455 1303 1287 1425 1290 1332 1349 1253 1476 1258 1319 1423 1441 1315 1308 1371 1230 1335 1474 1381 1329 1382 1461 1455 1392 1322 1609 1399 1307 1368 1459 1107 1250 1168 1305 1251 1394 1047 1395 1403 1318 1395 1282 1308 1443 1375 1258 1395 1268 1318 1485 1373 1446 1204 
1369 1357 1131 1227 1207 1156 1477 1266 1280 1428 1427 1051 1163 1396 1342 1193 1377 1219 1383 1247 1271 1275 1422 1170 1484 1430 1226 1348 1390 1507 1238 1164 1461 1328 1311 1284 1551 1225 1315 1379 1367 1160 1131 1230 1272 1188 1372 1115 1424 1331 1220 1390 1245 1236 1420 1366 1217 1369 1342 1349 1394 1427 1378 1306 
1413 1464 1110 1215 1262 1218 1536 1270 1395 1458 1528 1224 1377 1486 1327 1119 1398 1217 1446 1278 1468 1333 1551 1297 1463 1346 1288 1262 1440 1599 1343 1309 1308 1339 1292 1363 1681 1373 1333 1418 1603 1119 1256 1276 1269 1304 1331 1171 1331 1480 1357 1557 1307 1399 1470 1330 1330 1458 1189 1387 1479 1498 1519 1362 
1231 1233 1160 1159 1280 1203 1466 1175 1356 1489 1382 1091 1349 1320 1317 1204 1282 1256 1395 1259 1363 1308 1496 1373 1335 1274 1236 1299 1426 1270 1274 1313 1440 1423 1214 1451 1459 1477 1188 1428 1454 1086 1306 1136 1162 1192 1304 1004 1399 1374 1264 1513 1287 1308 1344 1330 1283 1294 1239 1265 1463 1387 1402 1207 
1391 1424 1182 1170 1330 1198 1568 1284 1411 1449 1626 1209 1257 1436 1313 1313 1349 1333 1566 1266 1408 1514 1554 1284 1448 1324 1285 1378 1505 1537 1321 1257 1547 1496 1334 1328 1587 1372 1438 1486 1456 1108 1237 1331 1344 1343 1257 1123 1385 1431 1338 1439 1216 1316 1474 1434 1216 1559 1328 1503 1481 1608 1379 1413 
1237 1142 1018 1046 1213 1182 1341 1144 1162 1423 1393 1021 1166 1327 1207 1095 1345 1200 1354 1182 1262 1206 1483 1179 1172 1253 1116 1119 1127 1331 1182 1275 1285 1359 1313 1211 1329 1222 1058 1217 1240 1056 1134 1122 1127 1126 1169 1027 1135 1244 1160 1337 1178 1258 1351 1406 1132 1257 1197 1380 1289 1360 1389 1186 
1361 1259 1282 1114 1234 1113 1403 1262 1363 1346 1400 1110 1322 1385 1333 1216 1198 1202 1361 1233 1358 1380 1556 1331 1327 1107 1155 1291 1363 1411 1203 1206 1317 1299 1256 1284 1376 1308 1230 1421 1401 1089 1325 1241 1090 1344 1207 1190 1323 1391 1227 1428 1053 1279 1298 1355 1037 1313 1276 1394 1376 1390 1374 1302 
1113 1225 1070 1156 906 994 1387 1084 1062 1334 1319 1020 1161 1137 1189 1057 1266 1145 1265 1086 1188 1165 1279 1182 1296 1086 1091 1118 1229 1318 1041 1061 1202 1169 1121 1175 1368 1216 1027 1227 1372 895 1114 935 970 1065 1105 1015 1182 1261 1064 1407 1060 1166 1129 1162 1141 1159 1180 1134 1286 1253 1242 1184 
1309 1252 1177 1032 1102 1327 1535 1180 1287 1319 1319 1122 1350 1317 1145 1203 1333 1090 1193 1183 1286 1332 1519 1320 1366 1106 1167 1175 1446 1455 1170 1291 1263 1246 1323 1301 1495 1297 1138 1450 1241 1018 1069 1234 1281 1105 1139 906 1265 1361 1125 1425 1192 1457 1294 1256 1245 1321 1248 1204 1332 1282 1341 1261 
1324 1287 1137 1248 1365 1301 1405 1099 1459 1348 1329 1096 1273 1250 1249 1104 1241 1248 1422 1313 1277 1351 1449 1392 1388 1076 1212 1330 1297 1268 1305 1368 1474 1226 1268 1357 1247 1388 1318 1388 1426 1138 1367 1133 1120 1264 1244 1087 1332 1413 1357 1328 1151 1283 1270 1270 1225 1283 1161 1322 1403 1284 1475 1223 
1296 1327 1139 1152 1145 1195 1365 1187 1223 1345 1427 1192 1274 1391 1246 1183 1356 1306 1488 1194 1381 1233 1469 1250 1284 1324 1151 1291 1396 1361 1164 1217 1339 1313 1326 1323 1434 1358 1253 1220 1481 1045 1231 1205 1159 1212 1170 1116 1364 1321 1263 1352 1219 1293 1376 1385 1164 1310 1163 1390 1269 1388 1406 1296 
