0 0 0 0 12 0 0 0 48 0 0 3 3 0 12 15 0 0 3 8 0 48 0 0 0 22 0 32 0 0 0 0 0 0 0 0 36 0 0 0 0 21 0 0 21 0 0 0 28 0 0 0 0 15 8 0 0 9 0 0 12 9 0 0 
0 40 42 0 10 0 0 0 0 42 0 0 0 0 0 0 0 0 49 0 28 28 0 0 0 69 0 0 0 0 0 12 42 2 14 12 0 0 0 42 0 0 0 0 0 0 0 0 0 49 0 0 0 0 0 0 0 71 4 0 7 2 0 20 
21 12 0 0 0 0 0 12 6 0 0 6 32 18 79 0 0 0 0 14 18 9 0 0 0 0 24 0 6 0 56 0 0 0 16 39 14 0 6 0 0 9 18 10 0 36 3 12 0 0 12 0 27 0 21 4 3 0 0 0 26 24 0 0 
0 0 42 0 0 0 0 0 0 0 0 0 0 0 0 0 0 0 0 16 0 0 0 0 0 0 0 0 0 0 36 0 0 0 0 0 0 0 0 0 0 0 48 0 0 0 56 0 0 0 0 0 0 48 0 0 0 0 0 0 0 0 0 0 
8 35 3 24 44 18 0 0 0 0 3 0 32 35 0 30 0 0 0 5 0 10 0 8 8 24 0 15 0 36 0 0 15 0 10 0 0 43 12 24 45 0 40 6 5 0 0 5 0 0 0 7 0 0 20 0 0 0 0 5 25 56 6 0 
0 0 8 0 88 32 48 0 0 12 0 20 0 56 0 32 0 0 0 20 0 8 0 0 28 84 0 0 4 0 0 0 16 24 20 27 28 0 0 0 72 20 0 0 0 0 0 8 0 38 45 0 0 0 63 48 0 16 0 36 40 40 32 0 
0 0 0 8 0 0 0 0 32 0 0 4 32 0 16 20 0 0 4 0 24 0 24 0 56 8 0 0 0 0 14 16 0 0 0 0 0 0 0 0 24 28 0 0 0 8 0 0 16 0 0 28 56 0 8 0 0 12 0 0 6 0 4 0 
60 0 51 36 0 0 10 0 48 0 0 6 49 48 0 62 0 0 65 32 0 0 16 0 0 53 0 14 15 0 12 66 63 9 0 54 0 0 0 0 0 42 7 0 0 0 0 0 40 105 0 28 63 27 30 12 0 48 18 0 0 9 22 8 
5 0 0 0 65 0 0 0 7 0 0 0 0 49 0 0 0 0 4 7 0 9 0 0 0 5 0 0 0 0 0 0 14 0 14 15 0 0 6 5 71 0 18 0 0 0 0 7 0 0 0 8 0 0 21 0 3 0 0 0 35 35 0 6 
0 0 0 0 50 0 0 12 16 0 0 0 66 0 0 12 20 48 0 0 0 32 42 0 0 18 0 32 0 0 0 64 42 46 0 68 6 32 40 0 42 0 0 0 0 32 28 0 16 0 0 49 0 0 0 88 14 4 22 0 0 40 39 0 
54 36 0 0 54 42 8 0 42 48 0 20 0 0 0 32 40 35 56 12 0 32 0 15 28 58 20 0 45 0 0 0 0 0 16 18 36 0 0 55 48 0 0 0 0 32 0 0 20 72 0 52 0 27 18 0 0 82 0 5 16 0 0 72 
0 0 7 24 4 42 35 80 6 0 0 0 21 16 0 0 56 49 0 63 0 4 0 21 0 49 28 4 42 0 0 0 0 36 5 32 0 14 0 35 12 0 0 0 0 72 0 0 36 21 0 48 0 18 0 102 28 63 36 52 1 45 28 0 
68 0 0 21 42 63 0 56 2 0 0 0 0 50 5 0 0 0 36 0 0 24 0 0 0 0 0 0 7 42 18 18 0 42 5 69 49 0 30 28 0 35 48 0 0 63 1 0 105 0 0 27 9 0 74 21 44 18 0 0 1 35 0 0 
0 28 0 27 24 24 6 24 33 0 0 15 42 0 59 24 0 28 56 9 0 24 0 9 30 48 0 38 0 0 0 0 0 0 0 0 0 39 0 0 18 0 18 0 21 5 0 0 39 35 0 0 63 42 0 0 0 0 0 0 0 21 0 63 
8 0 0 0 16 0 0 0 0 0 12 0 0 0 0 0 0 0 0 0 0 0 0 0 0 27 0 0 0 0 0 54 63 9 20 54 0 0 0 0 0 0 0 24 20 0 0 0 0 0 0 28 0 0 0 0 0 0 18 0 4 9 0 0 
77 16 60 2 76 30 44 95 0 102 0 0 73 77 4 0 52 16 74 19 0 28 14 0 12 42 0 8 0 0 41 21 10 57 45 0 12 99 0 0 45 24 40 0 63 0 40 53 36 67 0 45 36 0 23 36 43 97 65 16 81 55 34 36 
2 21 0 27 0 0 0 0 44 0 0 5 40 0 0 46 0 0 5 0 0 6 0 9 9 37 0 9 0 12 0 0 3 0 45 8 0 18 4 8 0 35 18 0 0 0 7 0 24 0 0 0 0 0 12 4 0 15 0 3 9 15 0 0 
3 21 0 87 0 0 0 100 16 0 0 0 0 58 8 74 48 0 0 56 0 18 28 0 0 0 0 9 0 18 20 0 3 12 4 48 0 0 14 12 8 24 24 0 14 72 24 0 0 63 0 49 0 10 40 24 4 36 0 3 0 55 0 14 
75 0 1 81 0 0 5 21 30 0 0 0 20 54 89 87 0 0 0 72 0 0 60 0 0 7 0 0 10 0 0 24 0 0 0 85 0 15 10 0 20 22 0 0 0 8 40 72 60 140 0 63 45 0 0 54 24 56 0 0 0 0 24 18 
0 49 50 0 32 8 2 0 72 0 0 14 50 0 0 95 0 0 61 3 24 46 0 0 7 82 0 106 0 0 0 6 38 1 0 6 0 0 0 36 0 70 2 0 0 0 0 35 36 18 0 0 18 35 28 0 0 27 2 28 6 60 4 0 
0 0 63 7 0 40 10 0 0 0 0 25 0 0 0 40 1 6 0 43 21 0 0 0 84 35 0 0 0 0 70 0 0 5 15 0 14 12 5 10 0 0 10 18 0 4 0 0 0 0 16 0 59 72 7 25 0 28 0 20 3 0 4 0 
14 0 0 0 9 48 12 21 7 0 0 30 16 6 0 48 0 0 10 18 0 24 0 0 42 47 0 0 0 0 3 3 0 0 0 35 0 18 16 5 8 7 48 0 0 0 0 16 4 0 0 8 0 0 59 28 8 63 0 0 0 0 0 6 
42 0 0 18 20 0 0 63 40 61 0 35 5 12 30 0 0 0 0 0 35 56 15 0 0 0 0 20 0 0 0 15 14 0 18 78 0 0 0 0 0 5 0 0 0 54 6 45 0 63 28 0 54 0 0 38 15 112 0 0 56 45 0 0 
40 0 9 0 80 24 25 48 32 8 0 40 8 0 0 0 0 0 36 0 40 35 30 0 0 35 0 44 25 0 0 0 16 0 15 4 0 36 2 0 0 0 38 0 0 30 0 0 0 15 32 0 0 45 37 30 1 30 48 0 67 32 28 0 
0 0 0 21 30 35 0 32 24 0 0 0 58 0 0 18 0 0 0 0 48 0 6 7 7 21 64 0 21 0 0 4 0 30 0 48 35 14 0 0 6 49 14 0 0 0 42 32 69 0 32 22 0 0 0 24 20 0 0 0 0 64 1 0 
0 0 7 0 0 0 0 0 36 0 0 0 43 0 56 27 0 0 5 6 0 0 0 0 0 0 0 2 0 0 0 0 0 0 0 81 0 0 0 0 0 0 19 0 0 7 84 0 71 58 15 0 9 0 21 36 0 0 0 12 0 0 2 0 
45 90 130 0 18 64 36 139 45 56 0 67 21 81 25 64 8 48 55 123 18 0 9 0 71 102 24 6 18 0 48 0 0 40 96 51 99 81 40 10 58 17 3 53 91 82 5 12 20 55 12 20 88 127 0 114 15 0 0 0 108 31 54 48 
65 0 0 0 52 0 0 36 74 0 3 7 32 42 45 35 0 0 7 15 0 0 9 0 0 16 0 56 0 0 0 9 12 0 12 81 0 0 0 0 54 68 0 8 12 0 9 73 28 0 0 7 85 40 0 36 9 93 0 24 30 30 0 0 
28 0 0 7 0 0 28 8 0 8 0 0 0 2 64 0 6 36 0 63 0 0 28 0 24 0 0 0 0 0 0 0 0 30 0 4 0 24 30 0 0 0 0 0 0 41 32 0 40 56 0 0 0 0 4 77 0 35 0 57 0 5 24 0 
110 90 4 0 0 24 0 72 0 4 0 16 0 36 48 0 0 0 36 72 0 0 0 0 0 16 0 12 35 0 60 18 36 0 0 0 0 52 0 0 0 16 48 16 88 6 0 0 54 42 0 0 32 87 60 0 0 60 0 0 0 8 8 0 
0 0 1 0 16 6 0 16 0 0 0 0 72 0 0 0 0 0 12 0 0 0 34 0 0 12 0 4 0 0 0 48 28 4 0 45 0 90 0 0 0 0 8 0 0 10 0 144 0 0 35 0 0 0 49 0 24 18 24 28 0 6 2 0 
0 51 0 0 42 56 14 0 64 5 0 43 0 9 32 56 0 0 0 28 0 0 0 0 49 49 0 15 7 0 0 0 45 42 8 0 56 20 0 0 0 35 20 5 96 2 0 0 0 0 0 0 0 40 0 2 0 0 0 0 1 0 0 0 
40 45 2 3 96 12 0 45 72 5 0 5 76 21 8 0 0 0 32 48 0 0 0 1 1 53 0 15 0 0 0 0 51 0 6 24 0 121 0 40 91 10 38 10 89 0 0 75 0 0 0 64 20 10 0 0 0 18 0 0 15 19 4 48 
0 48 0 27 12 0 0 45 28 7 0 35 0 18 0 24 35 0 0 32 35 0 12 0 0 0 0 0 0 0 25 0 14 15 0 0 0 0 0 0 0 30 24 0 0 0 58 0 0 27 28 21 0 0 0 0 0 18 0 0 56 0 0 30 
0 42 0 0 0 0 0 18 0 0 0 0 0 0 0 36 0 0 0 0 0 12 0 0 0 0 0 18 0 0 0 0 6 0 0 0 0 0 0 0 0 6 0 0 0 0 0 0 0 0 0 0 0 0 24 24 0 48 0 6 0 30 0 0 
0 0 0 3 110 0 0 44 0 0 0 0 0 51 0 0 36 0 0 7 0 0 9 0 15 0 0 0 12 0 0 0 14 0 17 4 18 0 0 0 63 0 0 0 0 9 0 7 0 0 0 0 0 0 0 3 57 12 30 0 62 70 0 0 
0 7 28 0 0 0 0 36 64 0 0 8 7 0 0 46 0 0 13 0 54 2 0 0 0 16 72 5 18 0 18 0 1 0 0 0 0 0 0 0 0 83 1 0 0 0 0 36 32 9 36 0 9 24 4 0 0 24 0 1 0 77 2 0 
40 0 30 0 72 0 0 0 56 0 0 0 40 0 0 0 0 0 67 0 20 0 0 0 0 85 0 0 0 0 72 0 20 72 0 24 63 36 0 115 64 0 45 81 0 0 0 0 0 0 72 136 45 0 0 0 24 0 72 0 5 0 0 48 
0 0 0 0 45 56 0 30 8 0 0 1 30 0 0 5 30 0 1 0 0 0 0 0 0 20 0 0 0 0 0 36 42 60 0 36 15 0 0 0 0 7 0 0 0 0 0 0 76 0 0 78 0 0 0 0 85 13 91 0 0 31 0 0 
56 0 34 0 56 36 0 124 16 32 0 0 32 0 40 0 56 0 24 0 0 12 23 0 5 0 0 64 8 0 40 0 0 48 13 88 28 54 8 0 0 76 72 0 36 20 56 40 0 0 0 0 72 40 28 0 9 0 32 24 41 12 12 0 
63 0 0 69 16 0 0 0 0 0 0 0 4 98 0 56 0 0 42 58 9 0 28 1 22 3 0 0 0 0 21 21 4 0 4 0 0 2 0 0 18 0 2 0 0 0 0 2 28 63 0 49 21 0 24 0 0 21 0 0 10 10 0 14 
25 0 71 0 45 0 40 45 35 72 0 0 0 0 0 0 0 0 20 0 0 0 0 0 0 81 0 0 0 0 0 0 0 0 27 36 0 0 0 25 40 0 0 0 81 0 0 0 0 24 35 40 0 0 49 48 0 0 0 28 72 0 32 30 
34 0 0 63 52 0 0 48 8 0 15 1 85 70 0 45 0 0 1 44 0 0 50 0 0 2 0 0 6 0 0 20 8 27 8 24 0 54 6 0 78 16 0 30 25 54 0 44 4 45 0 132 0 0 0 18 9 13 27 0 20 50 17 10 
0 0 0 0 0 72 18 0 0 0 0 45 0 0 0 72 2 0 0 27 0 0 0 0 63 72 7 0 0 0 0 27 21 3 0 18 0 0 0 0 0 0 0 0 0 0 0 0 0 0 0 0 2 0 0 0 0 0 6 0 1 3 0 0 
0 20 56 0 48 0 0 167 16 64 0 0 56 7 5 12 9 74 70 64 0 0 25 0 0 14 0 20 0 0 0 0 2 45 56 32 0 81 45 0 9 22 0 14 121 61 28 41 26 0 0 0 73 0 0 129 0 74 40 0 75 5 36 45 
0 21 3 0 0 18 0 0 20 5 0 25 28 0 0 18 0 0 0 0 25 6 0 0 0 0 0 58 0 0 0 0 13 0 0 0 0 27 0 0 0 7 24 0 0 0 0 35 0 0 20 0 0 35 12 0 0 0 0 24 40 21 6 0 
0 63 0 0 63 28 0 90 18 7 0 7 45 0 0 0 42 0 0 49 0 0 15 0 25 0 0 21 20 0 0 0 63 81 5 0 21 70 0 0 36 0 28 0 56 0 0 0 36 0 0 93 0 54 0 28 117 63 116 35 45 41 0 0 
64 32 12 0 0 40 10 81 0 0 0 25 56 0 8 40 0 32 78 96 8 0 0 0 35 71 0 16 40 0 0 0 8 0 0 0 0 63 0 12 0 18 0 18 63 0 0 56 16 0 0 0 108 72 48 0 0 62 0 0 2 0 0 72 
0 0 0 0 27 0 0 18 48 0 0 6 0 0 0 30 18 0 6 0 0 0 0 0 0 12 0 0 0 0 0 0 0 0 0 21 9 0 0 0 0 42 0 0 0 0 0 0 24 0 35 0 0 0 49 0 21 24 15 28 0 15 0 0 
32 12 0 21 0 28 0 0 36 0 0 0 56 0 7 21 0 12 24 0 0 0 0 7 7 21 0 6 20 0 0 0 0 0 0 56 0 14 0 0 0 0 14 0 7 0 49 0 70 0 0 12 27 41 24 28 16 24 0 0 0 0 0 27 
0 0 14 0 0 0 0 28 0 16 0 0 0 0 0 0 4 24 0 0 0 0 27 0 45 0 0 0 36 0 0 0 0 20 15 0 0 16 20 0 0 6 0 0 18 16 0 0 0 0 0 0 0 0 0 60 45 48 0 0 97 0 16 0 
0 12 42 0 56 0 0 36 0 0 0 0 0 0 1 0 46 4 57 0 28 0 0 0 0 63 35 2 0 0 0 45 28 0 0 6 18 0 0 42 0 0 0 0 0 0 0 0 2 0 10 0 19 0 14 0 42 15 30 8 12 30 0 13 
0 36 21 0 0 64 16 15 32 28 0 44 24 0 64 64 0 0 0 24 0 0 0 0 56 56 0 12 0 0 42 0 36 0 9 0 0 16 0 0 0 0 16 0 87 24 0 0 0 0 0 0 0 20 0 0 0 0 0 0 42 0 0 0 
21 63 9 0 0 0 45 0 6 0 0 0 45 0 15 54 0 0 0 0 0 18 0 0 0 63 0 27 0 0 0 0 9 81 0 27 0 0 0 0 0 0 0 0 0 0 3 0 0 27 0 81 27 0 36 54 27 0 81 9 0 45 36 0 
48 32 21 0 0 14 0 0 0 0 0 0 56 0 8 0 56 81 79 14 0 75 0 21 0 46 28 57 54 0 0 36 42 69 0 52 63 18 20 35 24 18 27 0 0 0 0 0 44 27 0 63 99 0 42 0 25 0 75 7 21 6 30 72 
63 63 0 0 30 0 0 0 18 0 0 14 0 0 45 0 0 0 0 14 0 63 0 0 0 28 0 35 5 0 49 0 0 30 0 81 98 0 0 0 0 25 0 0 0 0 9 0 28 0 0 0 81 28 14 0 0 0 0 0 21 0 0 0 
0 36 0 0 78 0 0 0 0 0 0 8 0 21 56 0 0 0 0 3 0 0 0 0 0 0 0 0 9 0 28 0 6 54 6 0 63 0 0 0 27 45 0 0 0 7 0 3 35 49 0 0 0 16 0 0 0 0 0 0 15 15 0 0 
0 59 0 0 34 110 16 27 72 0 0 40 0 14 44 64 72 95 88 26 0 0 0 27 56 56 36 16 57 0 0 0 4 18 4 3 48 0 0 45 18 24 0 0 63 24 0 2 67 12 5 15 72 45 7 36 16 72 0 13 22 10 0 99 
16 66 0 0 64 0 0 64 2 0 0 18 0 18 5 0 0 0 48 42 0 27 40 0 0 0 0 16 0 54 42 0 0 0 16 45 14 0 36 36 0 0 54 10 0 44 1 0 0 0 0 0 9 24 63 20 9 28 64 20 2 0 0 0 
37 8 28 3 81 0 0 90 0 0 0 0 4 0 2 0 82 8 16 0 0 0 0 1 1 3 0 4 8 30 44 0 0 12 0 0 27 14 18 20 16 36 2 0 0 0 24 0 4 0 0 0 18 32 0 0 63 18 45 0 0 45 16 18 
1 54 0 0 40 0 0 40 0 6 0 6 0 0 16 0 8 0 30 0 0 0 25 0 0 3 28 28 0 6 0 42 61 1 0 6 0 24 2 4 0 0 24 0 48 27 0 0 10 14 0 0 8 0 0 0 0 0 42 0 4 1 0 0 
7 9 0 1 0 0 7 28 12 5 0 15 57 0 0 0 0 0 8 7 57 0 7 0 6 0 56 0 14 0 0 0 6 45 0 0 9 36 0 0 0 21 0 0 0 8 8 60 5 4 40 46 0 0 1 0 15 8 45 8 28 56 0 9 
0 45 4 0 16 0 20 40 36 0 0 12 48 0 56 25 0 0 14 4 0 0 25 0 0 32 0 4 0 0 84 15 0 0 20 40 0 0 0 0 0 22 12 0 0 38 49 45 28 12 0 0 0 20 0 76 15 70 16 0 25 0 16 0 
72 18 3 0 0 18 0 0 0 30 0 0 0 0 0 0 0 0 16 0 0 20 0 0 0 0 0 0 45 0 0 0 0 0 10 0 18 27 0 0 0 0 24 0 0 16 0 0 10 43 0 2 0 81 54 0 0 94 0 0 8 6 6 18 
