28 0 0 0 10 0 42 47 28 27 10 61 0 0 82 10 8 0 52 0 6 15 3 49 0 0 0 0 27 0 15 0 29 5 49 0 3 0 36 3 12 12 0 0 0 12 15 27 15 36 45 4 0 0 18 0 80 36 24 0 37 0 0 0 
4 0 12 0 0 0 54 60 0 0 15 0 30 0 56 0 0 0 0 4 0 68 36 37 0 15 12 0 35 49 0 16 0 0 0 12 0 19 0 0 24 0 6 36 0 0 0 0 36 141 0 0 0 3 16 0 0 0 0 103 49 0 0 0 
76 55 0 0 63 45 81 2 0 107 49 7 42 0 0 48 0 0 0 4 0 81 43 40 0 12 35 0 0 7 0 38 27 0 15 117 5 27 0 18 72 0 16 72 0 1 7 68 20 38 22 24 18 0 16 0 24 21 0 51 0 0 6 0 
0 12 2 0 30 0 27 42 0 0 54 0 0 0 0 0 42 0 0 0 0 27 9 48 0 0 0 0 0 0 0 0 48 0 7 0 0 0 0 2 0 8 3 0 0 2 0 63 0 0 17 0 0 0 0 54 0 12 0 9 0 2 0 7 
0 63 0 0 81 0 0 0 0 45 24 0 0 0 0 27 0 0 0 0 0 0 54 0 0 0 0 0 72 0 0 0 64 8 48 63 0 30 0 0 0 0 9 0 6 24 12 0 0 18 0 0 0 0 48 24 9 16 4 0 24 0 0 0 
0 87 0 0 0 0 30 5 0 0 56 13 48 44 0 0 0 0 0 35 25 0 0 0 15 40 44 0 0 10 0 5 8 0 0 64 0 7 0 25 40 0 0 0 30 0 5 64 36 0 51 0 0 0 0 0 30 24 0 12 0 0 0 0 
0 63 0 0 5 0 0 0 4 0 8 0 0 36 0 0 2 4 0 45 0 0 0 8 0 0 0 0 0 6 0 0 0 0 35 0 0 9 0 35 49 0 0 0 8 0 0 0 0 7 1 6 0 0 0 45 0 0 0 25 0 9 0 10 
0 0 4 45 2 0 30 0 20 0 40 0 0 123 0 0 10 62 0 26 24 27 0 0 0 0 0 2 42 12 0 0 28 3 14 18 26 28 17 41 38 0 13 10 42 0 0 0 47 35 26 30 0 70 7 24 3 0 0 44 66 45 48 4 
0 0 18 36 0 36 21 0 0 0 10 0 0 12 0 20 0 2 9 20 27 0 0 0 27 0 0 0 81 4 4 30 18 0 0 16 0 12 18 0 6 0 4 0 0 0 10 0 54 0 0 9 41 0 0 0 16 0 25 0 28 15 0 0 
0 0 0 0 0 0 0 0 0 0 27 0 0 34 0 14 0 0 0 0 32 0 0 0 0 0 0 0 81 49 0 0 78 9 0 24 4 16 0 36 0 0 0 0 0 27 63 35 20 0 28 0 0 16 54 0 4 18 0 0 33 0 49 0 
10 14 72 0 0 72 0 0 16 0 52 0 0 0 44 8 8 24 0 6 0 6 0 77 0 4 0 0 15 65 16 49 6 14 35 0 14 19 0 0 16 0 16 0 32 0 76 48 14 55 4 80 42 22 0 0 64 0 0 49 0 64 42 0 
56 17 63 0 0 98 3 39 67 135 0 49 72 11 42 69 0 7 0 0 18 0 90 4 0 0 0 0 0 29 62 36 21 0 103 6 19 21 0 7 0 0 99 28 6 0 35 0 7 0 49 15 0 8 0 0 56 0 0 0 0 0 0 6 
0 10 18 28 0 8 91 8 12 0 6 0 25 10 0 0 0 0 4 0 20 0 72 0 12 0 0 36 43 0 0 30 8 0 42 0 0 18 0 26 20 32 21 0 6 0 0 36 54 63 4 4 0 16 0 63 0 0 15 30 0 8 48 28 
21 6 0 0 10 0 36 5 21 9 0 47 0 56 38 34 0 0 45 0 2 67 21 43 0 0 0 56 0 0 39 15 0 0 55 0 1 0 0 0 0 9 4 0 3 0 0 0 10 27 7 3 0 0 0 0 30 30 3 12 0 0 0 0 
48 0 0 0 0 30 0 0 0 48 45 0 49 0 24 44 0 0 0 20 0 0 0 91 0 9 0 42 0 21 0 0 67 0 0 0 8 54 0 6 0 0 0 24 0 0 27 27 0 28 0 0 25 9 0 0 0 0 0 0 63 31 21 42 
0 0 0 0 0 0 0 0 0 0 28 4 24 0 54 0 0 0 0 0 0 0 0 63 0 0 20 0 0 0 0 0 0 0 0 32 18 0 0 0 0 0 0 0 0 0 0 59 8 0 8 0 0 0 0 0 0 12 0 0 0 36 0 0 
0 56 0 36 0 0 72 3 0 0 35 2 12 44 0 0 0 0 0 40 0 72 0 12 0 0 19 0 63 0 0 0 56 7 0 32 0 12 0 0 0 0 8 0 0 21 21 16 4 0 4 0 16 0 42 0 63 20 28 40 49 0 0 0 
0 0 22 81 0 0 90 0 72 18 0 0 126 0 30 0 0 0 0 0 0 63 122 35 0 0 0 0 0 0 0 0 36 27 14 0 10 0 63 0 36 16 79 18 18 0 0 33 72 81 2 0 0 0 63 0 0 0 0 75 0 24 0 14 
64 24 0 3 0 0 0 44 0 36 0 28 0 0 60 2 0 0 0 0 8 0 0 42 0 24 0 0 0 7 0 0 0 0 28 0 16 0 0 36 81 3 0 0 0 56 9 23 31 0 28 0 0 0 0 54 0 72 0 0 81 24 7 0 
40 15 0 48 0 0 9 1 40 8 16 0 36 18 0 0 4 8 0 0 0 0 24 16 0 15 31 0 0 0 0 0 56 0 0 0 0 49 0 0 8 0 32 0 16 20 12 0 16 14 2 39 0 8 0 8 36 45 16 14 0 18 64 18 
0 7 0 0 0 0 0 0 0 0 0 0 0 40 24 0 0 0 0 5 48 0 21 28 0 0 0 0 0 0 0 0 0 0 8 36 8 29 0 54 0 0 0 14 64 49 0 12 30 0 42 0 0 0 0 4 6 0 0 2 0 16 0 0 
12 0 0 0 2 0 81 0 0 0 43 9 6 0 0 2 0 0 9 0 0 84 0 35 0 0 5 0 0 0 3 0 36 0 16 8 0 10 0 0 54 0 9 0 2 12 0 8 2 0 26 0 12 0 0 8 24 9 0 45 0 0 0 0 
0 0 0 0 0 0 56 0 0 0 0 10 14 0 0 0 0 8 0 12 0 0 15 5 0 0 0 0 0 0 0 4 0 0 0 0 0 0 48 0 25 0 0 12 9 7 33 0 0 0 0 0 0 4 0 0 66 0 28 3 0 0 0 0 
63 0 0 0 12 0 0 0 63 0 57 53 7 0 72 30 0 4 54 6 0 18 6 112 0 4 0 0 135 63 18 50 56 7 63 0 0 16 0 0 0 27 0 5 0 21 87 45 27 81 0 0 0 6 42 0 36 50 49 0 21 0 63 0 
40 0 27 0 0 52 0 0 0 40 14 2 60 0 0 15 0 3 0 0 0 0 0 10 0 0 14 0 0 6 6 40 23 0 0 16 0 22 0 5 18 0 6 20 0 64 15 16 4 72 4 0 0 72 0 0 30 6 0 6 16 0 0 0 
0 63 0 0 0 0 0 0 0 0 12 0 0 36 0 0 24 0 21 45 0 0 0 0 0 0 0 0 27 0 0 0 39 9 0 0 0 0 0 0 0 0 0 0 0 9 0 0 0 0 0 12 0 0 18 0 15 6 0 18 9 0 0 0 
0 40 0 0 0 0 0 32 12 0 24 0 0 112 0 28 21 60 0 44 32 20 0 0 0 0 0 0 48 0 0 55 0 10 0 0 0 0 0 35 12 0 0 0 24 0 27 0 28 21 52 18 35 64 30 0 0 0 0 21 48 48 0 0 
15 8 0 0 0 16 0 0 8 2 49 0 9 0 3 32 0 0 8 9 24 0 34 40 24 0 28 0 32 30 32 20 25 21 36 0 0 45 0 0 0 0 8 0 4 0 0 0 48 0 0 12 0 27 0 0 0 0 0 0 0 0 0 0 
64 35 0 0 50 40 21 16 40 74 0 10 59 20 0 24 0 8 0 37 0 0 42 0 0 0 0 0 54 128 0 12 24 0 35 0 40 24 18 107 51 0 40 42 72 0 12 0 0 0 0 0 0 4 0 45 0 0 0 10 0 81 0 10 
0 0 0 0 18 0 0 0 40 10 26 0 45 0 0 2 64 0 56 0 0 0 30 0 0 0 0 0 72 31 0 0 88 22 21 0 0 0 0 21 27 0 40 0 24 18 9 5 0 0 0 32 0 0 36 27 40 12 0 0 18 27 7 6 
0 7 0 9 0 0 0 0 0 0 0 0 0 7 0 0 0 0 0 5 0 0 0 0 0 0 0 0 0 0 0 0 0 0 8 4 0 8 0 4 9 0 0 0 1 0 0 0 0 0 0 0 4 0 0 10 0 0 0 2 16 0 0 0 
0 18 0 9 3 0 3 0 0 0 36 4 24 49 7 0 64 0 56 0 0 14 0 0 0 0 52 49 0 0 0 63 108 19 66 32 0 56 7 21 27 0 0 2 2 0 0 41 28 0 8 104 54 0 7 27 40 12 0 0 0 0 18 6 
0 49 0 0 63 0 14 48 13 35 16 0 0 15 48 21 4 8 0 0 0 0 42 20 0 0 0 12 0 5 0 0 9 0 0 51 10 6 0 4 44 0 14 0 18 0 7 0 0 34 2 12 0 24 0 0 12 0 0 26 51 18 16 0 
0 32 0 0 40 0 0 56 0 0 72 0 0 15 0 0 56 0 0 0 0 0 0 64 0 0 0 0 0 0 0 56 73 0 40 0 6 0 0 0 0 0 0 0 0 0 0 56 16 0 0 64 48 24 0 72 0 16 0 0 9 0 16 0 
0 0 8 30 0 0 0 37 8 11 0 7 9 0 38 0 0 0 0 0 2 0 34 0 0 0 0 0 0 0 0 5 0 0 35 0 1 0 0 25 0 32 8 0 0 0 5 36 31 0 46 0 0 5 0 5 0 0 0 0 28 8 40 28 
21 12 10 0 30 0 0 66 0 0 117 0 0 0 24 0 42 0 0 0 0 16 35 48 0 0 32 0 40 56 0 0 175 0 35 0 0 64 0 0 0 40 0 0 0 21 0 81 0 72 47 0 21 0 0 54 0 12 0 56 21 10 0 35 
3 0 0 18 0 0 53 40 8 0 0 0 0 6 40 0 0 0 0 3 0 18 0 0 0 9 0 0 0 40 0 13 0 0 0 33 32 6 30 5 10 0 58 27 0 0 1 0 4 18 7 0 8 0 12 0 0 0 0 6 49 0 0 0 
3 45 0 46 6 0 15 44 0 0 0 0 0 45 0 0 0 0 0 3 36 0 0 8 0 9 0 0 0 6 0 66 20 15 42 9 0 9 35 42 54 1 0 37 10 8 0 0 19 18 0 0 0 72 47 54 0 0 0 0 0 0 0 12 
6 77 0 3 5 14 42 38 0 0 27 7 0 28 0 48 7 0 7 7 56 0 42 8 42 56 0 0 28 14 48 30 40 0 54 0 0 0 0 0 56 3 0 0 48 30 0 6 69 0 12 13 6 0 0 9 42 2 0 0 0 0 0 0 
72 35 12 0 74 45 42 0 0 97 0 0 0 41 0 42 0 0 0 36 0 0 30 0 0 0 0 6 30 76 0 0 48 0 28 35 44 75 66 37 48 0 35 60 40 0 5 0 54 10 0 0 0 56 0 36 0 0 0 0 21 45 0 8 
0 30 0 63 0 0 27 49 0 0 40 1 0 16 48 0 0 0 0 16 5 0 0 56 3 16 0 0 0 2 0 0 28 21 0 0 0 32 49 0 8 0 0 14 20 0 0 0 14 0 0 0 0 8 49 0 6 0 0 6 42 0 0 0 
0 0 0 24 0 0 57 0 0 0 64 5 30 30 6 0 0 0 0 0 0 0 12 34 0 1 53 0 72 0 0 0 120 8 12 40 2 53 0 12 0 0 18 0 0 24 0 43 10 0 10 45 0 1 48 54 0 31 0 0 24 4 0 30 
49 6 0 0 0 0 0 0 49 0 7 1 6 0 56 0 0 0 0 0 0 8 0 42 0 0 29 0 20 28 0 28 48 0 64 8 0 46 0 35 0 21 0 0 0 0 10 11 57 99 51 24 18 0 0 0 9 3 11 28 0 0 6 0 
0 28 0 42 30 0 0 42 32 8 60 0 36 0 42 64 42 0 0 0 0 6 80 97 0 0 0 0 42 21 64 58 48 0 104 0 14 23 0 0 0 0 32 0 12 0 0 57 14 27 0 8 0 7 0 77 0 12 15 21 0 28 56 0 
55 0 6 0 5 25 0 6 0 40 18 0 15 42 0 15 0 0 0 9 56 0 21 24 0 27 18 0 0 0 0 36 33 0 35 69 0 43 0 106 57 0 0 101 0 9 0 27 53 81 85 0 6 0 36 45 7 0 0 18 0 0 0 10 
0 0 18 0 0 0 0 0 0 0 0 0 42 0 0 0 0 0 0 0 0 0 63 15 0 0 0 0 0 0 0 35 0 0 119 0 0 35 0 0 27 72 0 0 7 56 0 81 0 63 9 0 0 63 0 28 9 0 0 9 14 18 0 63 
72 0 0 0 0 45 0 0 12 72 79 0 35 37 4 27 6 18 0 2 0 16 0 48 0 4 20 58 26 28 0 0 62 0 0 0 0 47 0 9 48 0 0 36 24 0 0 0 0 77 3 18 0 4 0 0 12 0 0 61 51 27 0 30 
0 18 0 0 0 0 21 2 0 0 0 2 49 89 0 28 0 54 0 48 10 9 0 20 6 16 0 42 54 4 0 0 49 0 0 0 0 0 0 0 52 0 1 0 12 0 0 0 0 28 0 0 35 0 0 0 24 0 0 15 117 21 0 42 
36 49 16 18 27 8 9 0 0 15 14 0 0 16 6 9 0 0 4 44 12 9 74 0 12 18 8 0 16 0 0 24 26 42 56 39 0 0 0 8 18 64 4 54 0 0 3 72 30 42 8 4 0 57 24 15 0 0 0 11 18 16 24 56 
0 0 0 36 0 0 0 0 0 0 8 0 0 12 0 0 64 0 56 0 0 0 0 0 0 0 0 0 0 0 0 0 40 16 0 16 0 12 0 0 0 0 0 0 0 0 0 0 0 0 0 32 16 0 0 0 40 0 0 0 28 0 0 0 
0 14 0 63 35 0 0 49 0 0 63 0 0 21 0 4 49 0 0 4 0 0 0 56 0 0 0 0 0 0 0 0 56 0 0 28 0 21 0 0 0 0 0 0 0 0 0 42 0 0 0 0 33 0 0 63 0 14 0 0 49 3 0 0 
21 0 54 0 0 54 0 0 19 0 107 0 0 0 0 0 8 22 0 0 0 0 0 40 0 0 0 0 54 57 12 36 63 0 0 6 12 45 0 0 16 0 33 0 32 21 45 0 0 28 46 24 21 0 0 0 93 0 50 28 0 36 0 0 
40 35 0 28 3 25 49 28 1 40 6 0 0 35 0 47 0 0 0 32 28 0 14 62 0 0 0 0 27 29 0 60 15 0 35 2 4 51 0 40 81 0 28 20 0 0 0 0 0 0 0 0 40 56 0 90 18 0 15 18 0 24 0 6 
3 4 0 0 12 0 9 32 32 8 27 0 36 0 48 0 14 0 0 0 0 9 24 72 0 0 0 0 0 63 0 17 25 0 14 0 61 0 0 126 18 0 33 0 0 3 8 36 32 0 62 0 3 0 0 36 0 4 0 3 0 32 0 4 
0 71 0 0 8 0 24 48 7 0 0 4 0 114 16 0 0 42 0 18 48 0 0 0 12 32 0 0 42 43 0 46 0 0 56 14 28 0 0 76 104 0 49 0 24 0 25 0 16 0 28 0 0 56 0 72 87 0 28 0 56 0 0 16 
81 76 10 0 14 0 0 0 0 0 27 96 56 33 0 14 0 32 63 113 0 25 48 35 0 27 0 5 10 44 21 16 27 0 0 0 25 42 25 0 0 0 25 60 0 45 48 0 45 18 18 0 9 16 0 0 42 123 0 28 0 0 0 0 
0 2 2 42 5 0 7 7 0 0 9 20 70 19 0 0 7 16 0 30 24 0 24 8 0 0 0 1 0 6 0 43 8 0 0 18 5 20 11 43 38 0 5 24 0 56 24 6 38 63 21 0 0 78 0 40 3 2 0 0 50 0 56 0 
6 27 10 30 0 0 0 20 0 0 5 0 0 30 18 16 40 0 35 36 20 0 0 21 0 18 0 5 0 86 0 61 25 10 13 18 31 45 25 8 18 0 25 74 1 0 72 50 57 36 0 28 6 45 24 21 25 0 0 0 18 12 98 0 
0 0 12 0 2 0 0 0 0 0 0 0 30 48 0 0 0 0 0 0 64 0 36 0 0 0 0 0 0 0 0 0 0 0 86 48 0 77 0 86 42 0 0 0 9 0 0 0 76 54 56 0 0 0 0 54 8 0 0 36 0 0 0 4 
0 16 61 0 40 59 0 56 0 0 96 0 0 26 0 0 56 5 7 48 45 0 0 64 21 0 0 8 100 58 10 0 142 8 0 18 40 76 40 27 0 0 50 32 0 24 25 48 129 0 21 7 0 0 48 72 43 32 0 0 24 0 0 0 
48 32 0 0 35 0 0 59 0 0 63 0 0 0 0 0 49 0 0 0 0 0 0 56 0 18 0 0 0 35 0 5 56 0 0 0 25 0 0 40 0 0 0 0 0 24 0 42 0 0 0 0 0 0 0 63 0 68 0 0 0 0 0 0 
2 0 0 12 0 0 21 0 0 0 56 8 48 0 0 0 0 0 0 2 0 0 6 0 0 6 40 0 0 0 0 8 0 0 6 70 0 0 0 6 0 0 9 18 0 0 0 64 16 12 16 0 0 0 8 27 0 24 0 0 0 0 0 0 
6 54 0 0 14 0 36 6 0 0 18 62 14 24 0 38 0 0 63 30 30 21 0 35 18 48 0 12 0 12 21 0 32 0 0 0 0 0 0 0 48 0 0 0 36 6 21 0 0 8 12 0 36 0 0 0 141 42 28 0 18 18 0 12 
0 8 0 0 0 0 0 0 28 0 71 0 0 36 0 32 14 28 0 0 8 0 28 0 0 0 0 0 45 0 32 20 58 5 36 6 12 4 0 9 28 0 0 0 60 15 0 0 5 49 14 46 0 48 30 0 1 10 0 49 33 63 0 0 
