510 304 367 271 219 370 297 239 301 283 336 188 344 307 220 296 
537 296 359 332 269 357 302 342 280 375 376 262 277 323 327 413 
588 357 433 371 290 399 409 361 354 331 408 232 365 319 290 376 
531 289 335 328 241 357 335 311 329 364 328 204 301 288 286 412 
581 305 389 359 304 431 391 323 339 378 413 309 333 326 315 418 
551 335 400 327 308 417 425 293 376 337 393 281 409 302 226 427 
447 226 337 232 233 365 347 243 328 338 326 310 323 305 264 393 
310 266 233 147 224 225 242 225 225 264 217 187 197 154 164 236 
403 164 283 251 164 274 221 206 223 220 290 213 187 267 235 235 
441 276 264 274 282 351 353 298 310 283 259 189 257 237 279 338 
489 219 326 272 176 345 282 235 325 241 350 175 259 300 260 278 
475 179 309 276 195 336 309 175 282 262 273 258 258 265 200 337 
493 317 365 327 237 390 384 284 251 327 281 222 390 271 233 348 
393 250 221 236 260 276 297 245 259 271 261 221 240 213 194 339 
446 243 271 250 216 308 297 254 334 288 291 197 209 212 254 314 
467 215 312 292 228 325 277 266 283 281 347 199 237 312 265 310 
