0 32 24 0 64 20 56 0 0 30 0 0 0 0 0 0 0 0 0 6 40 36 0 0 0 15 33 72 0 4 0 0 51 17 56 0 0 0 25 2 0 0 45 6 48 76 60 0 0 45 0 64 20 0 94 54 0 0 0 0 0 0 0 0 
0 9 0 0 0 0 0 0 13 5 6 0 0 20 5 0 0 0 47 0 0 0 18 0 0 0 6 9 0 6 0 0 20 0 0 0 0 0 2 0 7 22 1 0 0 6 6 0 9 0 30 0 0 0 0 9 0 0 3 0 0 0 0 0 
0 72 0 0 0 0 0 63 21 0 0 0 0 0 96 0 0 0 0 0 49 0 0 0 0 0 16 0 0 8 0 0 0 24 0 0 0 0 24 0 0 0 0 0 64 0 0 0 0 0 0 0 82 0 0 0 0 0 0 0 0 21 0 32 
0 0 0 0 0 0 0 0 0 35 0 0 0 0 0 0 0 0 0 7 0 7 0 0 0 0 0 0 0 0 0 0 0 0 0 0 0 0 0 0 0 0 0 7 0 0 14 0 0 28 0 0 0 0 42 0 0 0 0 0 0 0 0 0 
16 45 0 0 24 21 18 0 36 15 24 42 0 0 25 0 0 3 0 9 12 0 10 0 0 0 0 0 0 0 8 0 1 0 0 0 8 0 15 3 0 0 0 0 40 3 32 0 0 18 0 0 0 16 24 8 0 49 18 0 0 76 4 20 
0 0 0 0 0 0 0 32 0 0 0 0 6 16 0 16 0 0 2 0 0 0 0 0 6 0 0 0 0 0 0 0 0 0 0 0 15 0 0 0 0 20 0 0 0 24 10 0 0 0 0 0 0 0 0 0 16 12 0 0 21 8 0 0 
0 0 20 0 32 0 0 0 8 0 0 0 0 0 10 0 0 0 0 15 6 0 24 0 0 0 0 0 0 12 0 0 0 0 0 10 0 50 0 0 14 0 2 20 0 0 47 0 0 0 0 0 0 25 6 0 0 0 0 0 28 8 0 0 
0 52 0 0 64 28 0 48 0 8 0 50 16 32 9 63 36 64 64 0 16 0 0 0 0 9 33 0 0 0 0 0 41 75 24 24 8 0 15 0 24 0 47 45 0 0 0 0 0 0 57 0 0 32 24 0 0 0 0 0 67 32 0 16 
0 0 15 72 0 0 0 24 0 5 0 0 81 0 14 0 21 0 15 0 0 0 9 0 18 0 27 0 30 5 45 63 10 9 0 35 45 0 4 0 0 32 0 0 0 15 45 27 0 0 0 27 0 0 18 0 0 36 0 63 63 44 0 47 
21 54 1 0 0 0 0 70 21 0 0 0 0 0 56 0 0 5 0 0 78 35 0 0 1 0 0 0 0 0 0 0 5 0 0 92 0 9 0 0 71 60 30 0 0 3 5 0 0 0 0 0 84 48 0 0 0 0 0 0 6 21 0 24 
15 57 0 0 0 0 93 0 109 0 54 12 6 0 0 0 0 24 35 6 24 24 8 72 4 0 0 0 0 0 18 54 9 0 0 38 10 44 10 0 0 0 0 0 0 0 14 0 66 0 15 0 0 22 0 18 0 8 15 0 77 15 0 32 
0 0 4 0 36 35 18 0 27 0 36 63 0 3 0 20 0 0 0 0 0 5 93 0 0 0 24 0 0 0 0 0 34 0 0 40 0 0 0 23 0 45 0 0 8 21 8 30 0 0 0 32 0 0 21 0 3 0 0 0 0 0 6 0 
0 36 0 0 72 0 78 64 23 0 40 0 0 8 48 8 15 15 0 0 87 0 0 0 0 0 0 81 0 0 0 0 36 0 63 0 15 15 0 0 0 30 0 0 25 57 2 0 0 40 0 63 36 0 0 0 0 0 0 0 0 22 0 0 
10 0 5 40 8 45 45 57 45 35 0 0 0 20 0 20 0 8 0 0 0 0 31 0 0 0 0 0 0 0 20 0 0 0 0 48 0 5 0 0 35 35 0 5 0 75 40 0 25 0 0 0 32 0 55 0 56 0 45 0 7 25 30 0 
0 0 28 5 0 0 0 49 24 0 9 0 0 36 0 36 0 1 0 0 0 44 3 27 0 0 0 0 0 0 0 0 0 0 0 12 0 12 0 0 0 45 0 0 56 54 65 0 0 0 0 0 4 0 26 0 7 0 0 0 0 18 0 12 
0 0 32 0 0 29 0 4 14 5 0 2 0 0 64 7 4 35 16 5 0 40 12 0 0 10 2 10 0 0 0 0 50 0 0 0 40 0 28 15 30 0 0 5 64 15 64 0 0 18 1 0 6 10 105 0 0 45 0 0 42 20 20 0 
18 0 9 0 8 0 0 0 0 32 0 0 16 0 0 0 0 45 0 0 45 0 32 0 9 64 56 0 0 0 0 0 45 0 0 0 0 81 0 0 63 62 0 0 0 108 108 0 45 0 0 0 0 0 27 0 24 0 0 0 0 27 54 0 
0 44 0 0 64 58 28 196 169 15 24 69 45 0 117 0 0 120 53 12 117 24 116 72 0 0 39 30 0 79 0 0 0 72 24 24 8 56 30 0 63 40 9 0 0 0 97 0 0 0 35 0 72 48 54 0 40 0 0 0 0 131 0 62 
0 0 25 64 40 0 0 5 0 0 0 0 72 4 0 4 0 0 4 0 42 0 30 24 0 0 0 0 0 0 24 56 8 0 0 0 0 25 0 0 0 5 0 25 12 14 1 0 0 0 0 0 0 0 62 0 0 0 0 48 35 90 0 0 
0 27 114 0 0 0 48 35 0 2 0 0 0 44 18 28 0 0 16 0 4 0 56 0 21 0 0 0 0 0 0 0 56 0 0 6 0 0 6 0 6 35 5 0 16 154 7 0 0 12 20 0 0 71 24 0 8 49 42 0 1 14 16 12 
0 0 0 0 0 0 16 35 40 4 33 12 0 28 6 142 24 0 0 0 0 15 5 45 0 0 12 21 0 9 0 0 0 0 0 10 8 20 0 0 0 63 0 30 0 42 7 9 24 0 69 9 0 0 0 0 0 0 20 0 42 14 16 20 
0 14 18 0 49 0 0 90 0 28 0 38 52 0 5 35 20 56 8 0 0 0 28 0 9 56 59 0 0 0 0 0 0 63 21 0 0 0 0 0 0 7 0 25 0 0 24 0 0 0 5 0 0 27 0 0 85 21 18 0 35 28 0 0 
0 0 15 72 2 56 0 24 63 80 0 0 81 0 0 0 21 24 0 71 0 0 0 0 0 0 24 0 36 24 45 63 8 9 0 0 65 0 0 24 0 27 0 0 0 39 0 27 0 0 0 99 0 81 0 0 0 72 0 69 0 71 32 12 
0 0 0 0 5 0 0 0 0 24 0 0 10 16 0 0 0 0 32 0 42 0 20 0 0 40 35 0 0 0 0 0 18 0 0 0 0 0 0 1 0 5 0 0 0 0 0 0 0 0 24 4 0 0 42 0 15 0 0 0 0 56 0 0 
0 0 0 16 0 0 0 0 42 8 0 0 18 40 0 0 0 0 34 13 35 0 0 24 0 0 0 0 0 0 6 14 8 45 0 4 0 12 0 0 0 0 0 0 37 26 14 0 0 0 0 8 0 19 20 27 0 0 0 12 0 8 0 0 
0 0 12 15 0 0 0 12 0 0 36 0 0 0 0 0 0 3 0 0 30 0 0 0 6 0 8 0 0 0 0 0 0 0 0 18 0 0 0 0 0 0 0 0 0 20 0 0 0 27 0 0 12 50 45 0 21 14 12 0 0 40 0 0 
10 0 0 0 0 0 27 0 9 15 72 0 0 0 0 0 27 27 0 3 0 3 54 0 0 0 18 0 0 0 0 0 0 0 0 0 27 27 0 0 35 76 0 3 45 45 41 0 25 84 0 0 0 0 33 0 0 0 0 0 0 15 30 0 
0 0 0 0 0 120 0 70 74 9 0 24 24 0 48 0 0 0 91 24 42 0 48 0 8 0 16 40 54 9 0 0 15 0 0 63 8 0 40 0 0 21 24 24 0 0 81 0 0 0 0 0 60 0 0 21 0 0 0 0 15 27 0 63 
0 0 0 0 0 9 0 0 21 27 0 0 0 0 0 0 0 9 0 24 0 0 0 0 0 0 0 0 0 0 0 0 3 0 0 0 24 0 0 9 0 0 0 0 0 9 0 0 0 0 0 24 0 27 0 0 0 27 0 0 0 12 12 0 
18 54 0 30 2 14 4 34 32 20 14 0 4 16 20 8 0 6 83 24 0 30 92 0 0 16 38 10 42 8 0 0 16 0 0 149 2 48 26 0 30 90 0 0 32 0 119 1 24 0 31 1 66 40 30 0 48 0 11 0 0 7 4 65 
18 28 7 0 56 25 81 10 0 9 0 0 0 8 0 0 0 35 24 9 70 0 0 0 7 0 0 69 32 20 0 0 73 0 49 0 14 63 0 1 0 28 0 0 0 56 71 0 42 3 12 53 0 28 0 9 0 45 35 5 0 63 34 0 
4 36 12 32 3 2 0 70 18 4 0 0 38 0 48 0 32 10 0 2 68 0 4 0 6 29 44 6 0 0 24 28 10 33 7 24 11 18 0 0 24 27 20 0 18 16 18 36 27 0 0 18 36 36 0 2 18 30 0 30 18 50 0 24 
0 0 20 0 0 0 0 72 0 5 0 0 0 20 0 0 28 0 40 0 0 0 0 0 0 25 32 0 0 0 24 0 20 12 45 0 30 0 0 0 0 36 0 0 0 62 0 36 0 27 30 36 0 0 0 63 0 0 0 12 15 4 0 41 
16 0 0 0 24 50 36 4 120 76 42 42 0 12 5 0 6 0 40 9 0 27 38 54 0 7 12 12 0 12 16 0 12 27 0 12 0 24 10 0 63 16 1 9 6 72 80 6 49 36 18 0 36 0 90 0 5 4 36 0 0 24 48 24 
0 72 0 0 6 0 0 0 0 24 0 0 12 0 40 0 0 0 0 0 0 0 24 0 0 48 42 0 0 0 0 0 0 0 0 0 0 0 24 0 0 6 0 0 64 0 0 0 0 0 0 0 0 0 0 0 18 0 0 0 0 0 0 32 
0 24 0 0 48 85 42 14 49 0 0 0 0 0 0 0 0 0 56 0 30 0 42 0 0 27 51 89 0 3 0 0 51 18 42 0 0 0 80 0 0 0 81 0 0 30 0 0 0 0 0 42 36 0 72 0 0 0 0 0 0 0 0 0 
0 0 0 0 0 0 0 24 0 0 0 0 0 0 0 0 36 0 0 0 0 0 0 0 0 57 0 12 0 0 0 0 0 54 27 0 18 0 0 0 0 0 0 0 36 0 0 36 54 0 0 0 0 0 0 0 30 24 0 0 9 0 0 15 
0 8 30 0 0 35 8 58 93 48 0 2 4 0 20 0 42 16 40 42 0 0 30 0 16 0 48 25 0 24 36 0 0 18 0 0 40 0 25 0 28 54 4 0 0 30 24 54 0 0 10 102 15 62 0 0 0 32 0 18 56 6 0 24 
69 71 0 40 22 0 22 8 63 26 69 0 57 0 0 0 0 0 49 0 82 40 105 0 0 48 75 18 0 0 69 35 35 0 14 118 4 0 14 0 40 115 0 0 0 25 0 0 138 0 0 14 48 24 0 54 18 0 31 30 0 65 8 0 
0 0 8 0 0 0 0 0 0 0 0 0 0 0 0 0 48 40 0 0 40 0 0 0 10 56 0 16 0 0 0 0 40 72 0 0 5 72 0 0 0 32 0 0 48 24 40 48 72 0 0 0 0 0 0 0 40 36 0 0 7 0 0 0 
0 0 87 0 0 0 18 72 6 0 48 16 0 0 8 56 113 50 0 0 54 0 0 0 21 16 98 0 0 5 54 0 0 42 0 0 18 18 0 0 48 105 0 40 30 45 0 81 0 48 8 81 25 79 54 0 0 49 42 27 112 81 0 36 
0 10 15 0 54 0 24 30 21 24 0 20 10 4 0 0 0 40 0 30 42 0 46 0 0 0 0 0 0 0 0 0 40 45 15 6 0 33 0 8 0 0 0 15 0 28 21 0 0 0 0 56 0 42 42 0 4 0 0 0 21 76 8 0 
0 16 18 0 0 0 43 46 106 64 24 7 11 32 0 32 0 32 19 44 0 26 8 72 9 0 0 0 36 6 0 18 0 0 0 58 0 32 0 0 0 40 0 2 0 48 69 0 0 8 20 48 0 97 12 0 8 21 18 0 21 22 0 74 
0 2 30 0 6 56 45 146 24 35 0 9 2 16 64 48 42 8 0 7 56 7 0 0 0 0 48 0 0 0 36 30 0 27 3 64 0 0 0 24 0 82 0 7 0 54 18 102 0 28 0 54 48 0 42 0 0 0 0 18 35 42 0 24 
16 16 45 48 61 63 63 120 90 89 59 39 88 0 0 40 63 64 12 8 0 9 74 27 0 72 143 0 24 9 100 42 0 99 24 34 0 12 0 0 0 90 0 0 0 65 68 86 0 0 35 86 0 48 2 8 27 40 63 63 0 125 0 76 
0 4 0 0 12 35 0 32 0 0 0 8 4 16 0 36 0 16 0 0 0 0 0 0 0 0 0 0 0 0 0 0 2 18 6 40 0 0 0 16 0 25 0 0 0 24 4 30 0 0 0 4 0 0 0 0 0 0 0 0 0 16 0 0 
12 117 36 25 0 0 36 20 81 0 54 9 18 0 0 0 0 77 63 6 0 45 0 0 0 0 0 0 0 0 0 0 0 0 0 30 0 0 18 0 0 0 0 0 72 0 96 0 81 0 45 0 20 48 52 6 35 30 27 0 0 42 0 0 
0 0 0 0 0 0 0 0 12 0 0 0 0 0 15 0 0 24 6 0 0 0 0 36 0 12 0 27 0 18 0 0 26 0 0 0 0 0 0 7 57 36 3 0 18 12 18 0 0 0 0 28 0 12 30 0 0 0 0 0 42 0 0 0 
0 27 0 0 30 6 15 0 23 0 64 42 0 0 15 0 15 15 0 0 0 0 0 0 0 0 0 0 0 0 0 0 0 0 0 0 18 15 9 0 0 20 0 0 49 0 0 0 0 40 0 0 0 0 12 0 0 0 0 0 0 0 0 12 
0 0 30 0 64 81 81 15 118 63 16 28 0 36 54 12 0 0 19 0 21 0 81 6 0 0 0 0 0 6 36 0 37 27 0 0 0 30 14 0 7 15 1 30 18 56 9 0 0 0 0 0 0 0 76 54 0 0 81 0 42 6 0 0 
0 28 0 0 56 0 49 0 56 0 0 0 0 64 0 0 0 0 48 0 91 0 0 0 0 0 0 63 0 0 0 0 28 72 49 0 0 0 0 0 0 0 0 0 40 35 0 0 0 0 0 49 0 0 0 0 0 0 0 0 0 0 0 0 
0 81 0 0 0 24 0 0 0 0 0 0 0 0 0 0 0 36 0 0 36 0 0 0 0 36 30 0 0 0 0 0 18 6 0 54 0 0 30 0 108 0 99 0 0 0 0 0 0 0 0 0 0 90 48 0 0 0 0 0 72 0 0 36 
0 0 5 0 0 0 0 8 0 0 54 0 0 0 0 0 7 0 0 0 0 0 0 0 0 0 41 0 0 0 6 0 0 3 7 0 0 0 0 0 0 9 0 0 0 35 0 9 0 0 0 9 0 48 0 0 0 0 0 3 0 1 0 4 
0 32 9 0 72 42 56 72 0 50 0 36 37 0 1 24 0 0 7 0 40 0 86 0 0 64 92 72 0 30 0 0 32 0 56 48 0 0 0 18 0 44 0 0 0 47 21 36 0 0 1 56 0 0 3 0 80 0 0 0 0 0 0 36 
0 18 0 16 0 0 81 10 0 6 0 21 18 0 0 0 0 0 0 0 8 0 0 2 0 0 6 0 0 10 6 68 10 0 0 12 12 0 0 5 12 0 10 0 0 0 14 0 0 0 0 20 0 16 0 0 0 0 0 18 65 8 0 20 
0 24 0 0 24 27 30 0 6 9 8 28 8 0 5 35 20 59 0 9 10 0 0 0 0 0 10 18 0 0 0 0 17 0 14 0 72 0 0 27 0 0 0 25 0 37 0 0 0 0 25 14 0 16 4 0 0 81 0 0 35 36 36 0 
8 0 0 0 36 0 0 0 99 35 63 63 0 0 0 0 0 0 0 11 0 34 9 81 0 0 32 0 0 4 0 0 0 12 8 18 0 36 0 0 0 0 0 7 0 0 30 0 0 28 0 0 20 8 60 4 0 20 0 0 0 28 0 36 
0 0 63 0 8 77 0 88 80 32 0 0 16 0 71 12 0 0 64 6 86 0 80 0 0 64 64 52 0 4 0 0 0 12 0 28 0 12 40 9 0 27 0 0 0 49 14 18 0 0 7 0 92 10 51 0 24 0 0 0 0 64 0 0 
0 63 12 0 0 0 0 0 0 0 81 0 0 0 0 0 0 0 0 6 34 15 0 0 0 0 18 0 0 0 0 0 0 0 0 46 0 12 0 0 42 0 35 0 24 81 38 0 0 0 0 0 0 138 15 54 0 0 0 0 7 8 0 28 
0 0 0 0 16 19 24 35 0 7 8 72 72 28 63 60 54 3 3 73 0 0 0 18 14 63 0 18 0 4 0 0 97 81 0 0 63 0 18 3 0 98 0 72 63 51 7 58 117 0 28 4 0 0 96 63 45 73 30 0 94 18 28 0 
6 0 0 0 0 9 0 18 28 3 0 10 9 32 5 35 20 9 27 6 28 0 0 0 0 0 10 0 0 0 0 0 3 36 0 0 24 0 0 9 0 0 0 25 20 9 21 0 0 0 5 0 0 6 0 3 24 42 0 0 35 33 12 0 
20 0 0 0 2 42 24 12 86 8 91 56 60 0 45 0 24 24 48 56 32 0 44 0 0 16 44 30 0 54 24 0 47 0 8 24 24 24 30 0 63 83 9 56 40 15 54 0 28 64 0 0 18 24 0 73 6 0 0 0 35 20 0 0 
0 54 0 30 0 0 40 24 0 10 0 65 74 36 56 0 0 78 72 68 8 0 0 0 0 0 0 0 0 0 0 0 111 0 0 56 2 24 16 0 12 49 10 56 0 0 28 0 6 12 99 0 24 72 102 49 42 0 5 0 37 0 4 8 
0 18 30 0 2 9 0 95 7 0 4 48 48 36 10 52 42 36 8 48 0 0 6 0 0 18 63 5 0 2 36 0 32 18 5 0 1 0 11 1 54 141 0 48 16 138 9 56 0 0 14 60 3 18 0 123 0 0 0 18 93 24 0 32 
