212 253 343 242 286 357 221 301 175 276 237 288 189 289 230 315 
272 268 410 310 349 361 292 440 313 372 271 279 238 405 294 331 
381 288 474 310 304 336 307 478 323 435 338 350 291 419 333 355 
288 296 404 248 329 408 300 374 278 367 329 324 236 320 296 333 
257 212 390 279 325 314 282 352 151 339 253 255 173 279 162 287 
373 263 397 291 303 314 253 414 250 364 307 345 283 366 334 325 
268 245 321 318 278 306 217 333 266 300 216 276 213 269 338 305 
328 268 355 265 343 335 301 322 177 338 311 339 230 237 250 288 
347 351 367 284 308 320 307 344 235 325 282 291 205 260 258 347 
305 277 337 234 286 340 265 341 203 363 265 306 150 247 219 337 
320 274 451 325 367 403 277 418 309 337 288 318 288 366 330 338 
247 260 332 178 216 270 273 292 180 283 229 231 178 205 197 316 
213 249 377 287 278 331 235 279 180 219 234 230 217 194 230 266 
162 157 285 273 241 237 188 266 195 230 200 162 171 271 208 208 
226 205 350 259 237 293 204 269 242 225 210 224 242 246 253 213 
289 261 258 279 271 245 221 312 144 292 271 283 204 271 306 292 
