307 328 285 305 242 327 354 224 333 318 283 300 324 364 251 342 
446 406 318 365 263 381 380 347 383 461 339 375 372 355 188 370 
357 323 288 313 252 351 315 255 354 486 324 412 335 310 223 362 
347 301 240 266 182 289 248 254 251 393 277 290 322 271 137 293 
260 299 278 319 221 276 287 246 295 346 239 302 328 306 164 254 
321 248 242 271 189 268 298 262 304 355 253 327 225 223 172 281 
454 426 352 426 322 415 455 352 368 475 373 436 393 424 211 376 
362 372 318 374 279 375 384 296 387 441 330 377 381 354 243 361 
488 397 322 386 290 389 433 288 451 445 376 369 359 416 212 347 
480 540 361 423 320 402 468 377 464 456 403 376 476 461 223 382 
372 308 311 325 266 323 315 266 305 465 315 377 398 324 200 377 
389 342 299 337 291 337 328 230 377 380 292 314 395 352 193 270 
357 384 265 283 215 309 320 260 412 370 315 312 311 285 213 270 
235 310 164 208 160 206 276 219 247 221 218 216 204 257 162 230 
401 318 301 302 219 382 309 240 356 432 277 341 360 339 226 345 
254 216 183 226 135 216 221 145 281 286 221 224 189 192 138 169 
