17 17 11 16 16 11 16 14 15 15 18 8 15 16 13 15 19 11 12 13 18 14 15 15 16 19 11 10 14 11 11 14 13 16 13 17 12 11 12 16 14 9 12 19 13 13 11 15 14 16 16 16 11 15 15 14 20 16 9 11 15 15 15 19 
24 14 22 22 21 13 22 17 20 19 23 14 17 22 13 18 20 14 14 17 16 19 18 21 26 24 20 19 22 16 22 18 20 21 12 18 15 13 16 22 18 17 22 21 19 17 20 22 18 15 22 17 13 16 19 17 19 17 17 17 20 22 19 24 
14 15 13 15 15 10 16 5 18 14 17 8 17 14 13 12 14 9 12 12 13 16 13 13 17 16 11 14 17 14 13 17 13 13 10 17 12 14 14 16 11 9 17 15 16 10 12 14 16 15 13 13 12 13 11 11 15 14 11 11 12 17 15 21 
17 17 12 19 21 10 18 13 15 11 19 14 17 19 11 15 18 14 14 15 15 18 16 12 19 20 17 18 15 13 14 17 11 15 12 18 11 14 13 19 14 15 17 19 18 17 18 14 16 16 16 21 15 16 12 13 15 16 15 15 15 16 15 17 
17 9 13 13 14 10 12 15 16 13 20 9 11 16 14 13 15 10 14 13 12 13 13 17 19 14 17 15 15 13 16 12 17 13 11 15 17 12 15 15 13 9 16 17 13 12 13 16 13 13 19 19 12 8 13 10 12 14 10 14 14 18 12 16 
19 14 16 19 15 11 12 12 21 11 18 10 18 15 14 10 14 13 12 11 14 17 15 14 17 19 14 13 13 14 14 14 13 15 14 12 12 11 13 15 13 10 20 20 15 13 15 19 16 12 17 13 9 14 13 14 11 10 12 12 14 17 11 21 
20 14 15 19 17 12 18 15 15 13 17 15 18 14 17 16 16 14 12 14 12 19 15 19 18 13 18 15 17 14 17 16 13 17 12 16 14 12 13 14 13 11 14 21 17 14 13 18 15 17 19 18 13 14 11 13 14 13 12 15 15 19 13 15 
21 17 17 15 18 11 17 9 16 14 16 11 17 16 13 13 18 12 16 14 19 21 17 16 16 15 19 17 17 13 16 16 15 12 14 17 17 14 14 18 11 13 17 22 17 9 16 16 15 15 18 17 14 16 11 12 17 16 13 16 18 18 13 21 
16 15 14 16 18 14 16 13 15 13 20 9 16 18 13 14 16 12 10 8 13 16 14 15 23 18 16 15 11 17 14 16 18 12 12 17 15 13 14 12 18 13 16 16 16 12 13 13 17 14 16 18 14 12 12 12 13 18 14 14 9 20 13 19 
11 14 14 13 13 12 11 10 10 8 13 6 11 13 13 11 11 10 7 11 12 13 11 13 14 14 11 12 10 11 13 11 14 11 9 11 14 11 7 13 9 10 9 17 12 12 8 13 16 11 13 14 11 11 12 13 15 10 10 8 11 16 13 15 
15 12 12 18 17 12 17 14 13 13 20 11 15 15 14 13 13 13 14 13 16 17 16 15 16 17 16 15 16 14 12 16 16 13 13 12 10 12 12 17 7 17 18 19 17 13 16 13 18 13 15 15 14 13 15 13 16 15 13 13 14 20 16 18 
24 13 17 19 20 17 16 20 17 17 22 10 17 20 14 18 21 12 12 17 15 20 17 19 22 20 16 16 18 16 17 17 17 20 15 20 15 15 11 16 19 11 18 20 14 16 15 19 14 17 18 21 13 18 16 14 22 17 18 15 15 17 16 21 
22 18 19 18 25 16 24 19 18 18 25 13 21 26 15 18 22 16 18 14 15 23 17 25 27 21 22 18 20 18 17 19 21 19 14 20 18 15 18 20 15 14 20 21 20 14 19 17 21 18 20 18 15 20 18 19 20 19 14 14 20 20 21 25 
23 18 19 24 25 14 21 22 21 14 27 16 21 22 19 17 20 18 16 16 20 21 23 23 22 22 23 23 21 19 17 19 22 16 17 22 17 15 19 21 18 18 25 23 22 16 23 20 22 23 21 22 17 16 21 20 19 22 17 19 21 22 19 27 
21 14 13 17 21 14 14 18 17 14 22 12 18 17 17 20 18 11 16 13 14 16 14 19 19 18 12 13 17 15 16 15 15 17 16 18 12 12 15 20 14 11 17 16 17 16 14 12 17 17 17 18 11 13 14 13 18 16 19 13 14 16 15 18 
19 14 18 16 18 13 18 8 18 12 11 10 17 16 11 8 13 11 10 12 10 15 15 17 17 13 17 17 17 13 14 9 12 13 8 16 14 15 11 16 8 13 16 17 14 13 14 14 17 15 16 14 14 15 12 9 14 15 12 10 16 18 15 20 
20 17 18 17 16 11 15 12 18 16 19 12 16 18 16 15 19 15 12 16 16 18 15 17 24 17 17 15 17 16 21 17 16 15 12 24 18 15 18 16 21 10 16 22 22 13 16 18 17 16 19 19 12 16 15 13 17 17 11 16 15 20 16 22 
14 14 13 16 15 9 15 12 15 12 14 11 11 17 14 12 16 12 11 14 11 18 11 14 20 18 14 15 12 13 16 15 14 11 9 18 10 14 15 13 12 10 15 18 17 12 14 16 14 13 13 18 15 12 14 10 16 13 11 13 15 19 14 17 
24 18 16 18 24 11 20 17 20 17 22 15 14 21 14 16 22 15 16 16 17 16 21 17 21 22 16 15 18 16 19 15 16 16 14 20 17 13 18 22 19 11 18 18 20 20 18 19 15 13 19 19 15 14 17 15 13 21 13 16 19 19 15 23 
24 20 18 14 26 14 23 14 26 19 24 12 19 25 14 20 23 14 16 13 17 17 21 20 24 22 17 16 18 20 20 18 16 21 15 24 18 18 17 20 18 11 19 21 21 19 18 19 17 16 23 21 15 14 17 14 18 21 18 20 18 19 17 22 
21 19 20 16 22 13 18 15 19 18 24 10 18 23 15 16 18 15 13 14 16 19 19 20 23 19 18 19 16 17 21 16 20 13 13 22 18 13 17 18 16 13 20 21 18 14 18 16 17 16 18 22 18 10 16 17 19 22 16 17 18 23 18 23 
16 13 16 14 19 8 15 10 20 14 18 11 13 16 12 11 16 10 13 7 11 13 15 15 20 18 13 13 14 13 17 15 14 11 11 15 13 13 17 14 14 10 17 15 20 13 15 16 16 14 15 15 12 12 13 10 12 14 13 13 14 18 12 24 
18 14 15 16 16 11 16 13 17 14 17 12 15 17 12 10 14 9 13 15 8 17 14 14 16 16 13 16 16 14 15 12 14 9 9 19 11 11 14 17 13 11 18 18 19 12 16 12 13 14 15 18 9 13 16 13 16 17 15 16 13 16 15 21 
15 10 13 17 18 12 14 13 16 11 15 12 17 15 12 10 12 10 7 9 10 14 12 16 19 16 16 12 18 12 14 11 12 11 10 14 14 10 13 12 12 10 19 15 11 12 12 16 13 8 15 15 12 14 12 8 13 14 11 15 11 15 13 18 
19 16 19 17 18 11 14 11 17 14 19 14 18 18 19 19 20 15 16 15 17 20 16 16 20 20 18 17 16 17 20 19 13 16 12 18 17 11 16 19 16 11 15 21 18 14 14 17 19 16 19 21 15 17 13 17 19 16 12 18 14 19 17 23 
24 22 19 21 21 18 21 14 18 15 24 12 20 22 19 22 24 16 19 20 21 23 19 20 25 21 22 19 17 17 21 21 19 24 19 24 20 19 17 21 23 16 17 24 24 17 17 14 21 21 23 24 14 15 17 20 22 23 18 18 16 23 19 24 
21 14 19 18 20 9 17 15 20 14 22 11 18 18 14 16 16 14 17 16 13 18 15 14 19 16 14 18 18 15 17 16 16 16 12 19 12 11 14 20 14 14 20 16 19 14 17 17 16 14 16 17 13 13 14 14 14 14 16 17 20 20 13 21 
18 12 12 12 14 12 14 11 10 13 17 8 12 13 12 16 19 6 12 14 13 16 14 16 17 15 17 11 14 16 12 14 13 12 10 11 17 12 9 16 12 10 14 15 13 11 12 13 14 12 19 15 13 13 10 12 17 15 11 11 10 14 14 16 
18 14 19 16 18 13 18 17 20 12 21 12 18 17 17 14 14 13 16 14 18 17 16 18 18 15 18 14 16 17 14 17 17 15 15 17 18 15 16 15 12 13 17 19 17 17 19 20 20 15 19 19 12 13 11 16 12 15 12 16 17 17 16 19 
20 18 17 20 20 11 15 15 21 16 17 14 20 18 16 16 22 15 11 11 17 20 23 21 20 20 19 15 16 17 19 18 15 18 12 15 16 12 13 16 17 13 17 22 16 13 15 24 19 16 21 18 15 14 14 16 15 13 13 15 16 19 13 20 
20 18 15 16 17 10 19 12 19 15 17 11 18 17 13 14 20 12 13 13 11 15 16 15 21 17 18 15 17 11 17 12 13 16 11 19 12 12 13 18 16 12 18 17 16 15 14 17 14 16 20 16 11 10 18 13 18 14 12 14 17 17 13 22 
22 19 15 19 22 16 19 15 19 15 23 15 20 20 19 18 21 11 19 17 18 22 19 16 23 20 18 19 17 17 17 20 20 15 17 20 18 17 17 20 19 13 23 19 21 16 16 16 20 10 21 21 18 15 16 16 17 18 16 20 13 23 19 23 
19 19 21 19 23 16 19 19 21 16 21 16 23 21 20 18 17 17 18 14 15 24 17 18 23 22 19 22 21 17 18 20 21 16 11 20 16 17 18 19 15 15 21 22 19 17 20 22 21 16 18 24 18 18 19 15 16 16 16 22 18 22 20 24 
13 10 13 11 12 7 11 9 16 9 15 5 10 14 7 8 8 10 7 9 11 10 10 14 13 12 6 12 11 11 13 10 8 8 9 14 8 5 13 9 6 5 15 12 11 9 10 12 11 15 11 11 8 8 8 9 8 12 11 9 13 10 11 14 
22 19 19 20 25 16 18 16 22 18 25 16 25 17 20 19 23 13 16 16 18 20 22 20 22 20 19 19 22 16 16 21 18 16 13 21 17 17 18 20 17 14 22 24 20 16 21 18 21 21 20 23 16 18 14 16 22 23 15 20 19 22 19 23 
14 10 14 12 12 12 11 7 12 14 15 6 11 14 10 10 11 7 9 11 11 12 10 15 16 15 14 10 12 12 14 11 10 10 9 11 11 11 13 12 11 6 14 16 13 10 12 13 11 12 12 10 9 9 11 10 12 13 10 7 11 14 12 15 
19 14 15 17 20 12 16 16 16 13 21 13 14 18 15 15 15 13 13 16 18 17 12 16 20 16 20 15 14 16 17 17 15 9 13 19 16 13 18 13 14 12 19 21 17 12 18 17 16 17 18 21 15 12 9 11 13 20 13 19 15 19 12 18 
23 13 16 16 23 13 18 17 19 15 23 14 18 19 12 17 20 13 13 10 15 17 16 21 19 19 16 16 16 15 19 16 13 19 13 19 15 14 12 17 14 11 19 17 18 15 18 18 16 16 20 17 13 16 15 9 15 13 19 17 15 13 14 19 
19 16 17 21 19 17 18 15 18 18 21 16 17 18 17 16 17 12 16 17 17 23 14 20 23 17 18 16 18 16 18 18 19 16 18 20 16 18 16 18 12 16 22 25 20 18 20 18 20 18 19 20 16 16 14 13 15 17 17 16 14 20 19 22 
17 10 16 12 17 10 14 11 16 12 18 7 12 15 11 16 12 12 9 11 12 14 13 15 16 14 9 11 16 13 18 14 10 14 11 15 7 8 13 13 12 8 16 15 13 13 13 14 10 17 14 14 10 9 14 9 15 15 14 14 12 14 15 15 
17 11 16 11 15 7 10 7 15 12 15 7 11 13 9 10 14 11 12 11 11 11 13 14 15 14 13 13 15 9 17 12 8 11 7 13 12 6 15 16 11 6 16 15 15 7 13 12 9 14 13 12 7 11 9 11 12 12 10 10 15 14 9 20 
19 16 19 20 26 12 18 16 19 14 23 16 19 18 18 14 16 14 15 12 18 15 17 17 21 17 21 18 21 15 17 22 15 14 16 18 15 15 18 17 14 14 22 27 23 14 20 19 19 17 21 25 18 13 14 14 17 14 17 17 19 24 18 23 
24 16 20 18 22 15 20 16 20 17 26 13 19 22 17 20 20 16 15 14 19 20 19 24 23 17 21 16 17 19 23 17 17 22 18 22 19 17 18 16 19 13 19 26 23 19 20 17 17 19 23 16 14 16 17 15 19 18 14 15 18 18 21 23 
13 13 12 14 12 14 13 9 14 14 11 11 14 15 12 11 12 13 9 14 12 16 14 13 18 16 14 14 13 11 14 13 13 11 8 12 14 11 12 14 10 13 15 18 17 12 13 11 13 10 14 14 9 10 12 14 10 14 12 15 9 18 11 15 
22 16 19 16 24 13 18 11 20 15 21 11 20 19 14 14 19 11 16 13 14 18 16 17 21 15 21 18 18 18 19 19 15 15 17 22 18 20 17 18 19 14 20 21 21 16 20 13 15 16 22 24 17 12 13 13 16 18 19 16 16 19 16 22 
20 20 18 19 21 13 20 15 17 13 24 11 20 19 17 20 22 11 14 16 18 23 15 17 22 19 18 16 16 18 16 18 16 16 14 20 11 13 16 18 16 16 21 20 20 12 17 19 17 16 19 15 11 17 15 16 20 17 15 16 17 19 15 18 
15 11 12 12 16 14 14 12 17 11 18 7 15 12 13 14 15 7 15 10 10 12 16 16 14 16 12 13 14 11 16 14 16 16 12 12 15 9 11 18 12 8 15 14 14 11 9 12 12 9 18 16 6 6 14 13 16 12 11 13 9 15 12 13 
16 11 13 17 16 13 13 10 17 11 16 13 14 11 14 11 14 12 12 13 12 15 16 15 17 13 18 15 19 12 15 15 12 15 8 11 12 12 14 15 10 12 18 20 18 10 16 13 14 13 18 16 8 10 11 11 11 15 13 13 11 17 14 18 
24 18 22 21 18 16 24 15 22 18 24 11 20 22 19 17 21 14 19 19 19 23 19 22 28 21 21 23 23 21 20 20 23 20 16 25 23 18 19 26 21 16 22 22 24 15 17 20 22 15 25 23 14 19 19 17 23 21 18 18 15 25 22 28 
18 14 18 15 17 11 12 14 19 9 18 11 13 15 15 10 18 11 12 14 14 16 14 17 19 18 16 16 13 16 16 14 14 12 11 13 13 14 11 15 15 10 16 19 15 15 15 19 18 12 20 19 17 10 14 11 14 13 10 12 15 17 15 17 
15 16 14 18 15 9 18 10 18 7 18 11 18 16 15 13 14 11 13 13 11 18 14 15 19 20 16 17 13 15 15 13 13 13 13 14 14 11 15 16 15 13 16 17 17 13 13 15 19 10 19 15 8 14 13 15 17 15 13 16 12 15 15 19 
15 14 13 18 18 9 15 14 13 12 19 15 17 17 12 15 17 15 11 8 16 17 18 15 17 19 18 15 14 13 14 15 13 17 13 14 15 12 8 15 15 14 13 20 11 17 16 16 17 12 19 20 17 16 13 14 12 14 13 17 12 13 16 16 
16 7 11 12 14 9 10 13 12 11 14 9 11 13 9 11 12 9 8 11 10 9 13 9 11 9 11 12 10 9 11 10 12 11 9 12 7 9 7 10 12 10 12 13 11 11 16 11 10 10 14 10 6 7 12 9 10 11 10 12 14 13 9 11 
20 18 16 20 23 12 17 16 17 15 24 15 18 20 16 17 18 14 14 16 15 21 15 18 20 19 19 18 16 18 20 16 15 13 11 22 17 14 16 20 17 14 20 23 19 14 18 16 16 16 19 22 18 15 17 15 16 22 16 18 16 20 15 23 
14 11 14 11 14 7 10 9 12 10 11 7 11 14 8 11 11 8 9 8 13 14 10 14 17 11 12 5 15 9 14 12 10 12 11 12 12 9 11 12 13 6 11 13 10 11 11 15 11 10 13 13 10 11 8 6 14 11 9 9 8 12 13 16 
13 12 15 15 16 9 10 13 15 10 15 9 13 12 12 4 9 7 11 12 10 13 11 13 15 11 15 12 16 9 12 9 14 5 10 11 13 12 9 15 10 13 14 18 13 10 14 15 14 10 15 19 13 10 13 8 11 14 12 9 12 18 11 15 
22 17 19 19 21 16 19 18 21 12 20 14 18 18 22 17 19 15 14 17 20 23 18 19 22 18 21 16 20 18 19 15 20 15 14 18 19 17 18 18 15 15 21 17 21 16 18 20 19 14 20 20 15 13 15 14 16 17 14 18 14 22 17 24 
18 14 16 14 20 17 16 14 14 12 19 8 17 17 12 13 16 12 8 12 15 17 15 18 17 18 18 17 16 16 13 16 15 12 12 12 14 12 10 16 11 9 18 19 13 15 16 16 13 14 17 16 15 14 14 10 17 15 9 12 13 14 13 15 
18 17 17 22 20 15 23 12 23 16 23 14 21 19 18 17 19 16 14 14 18 21 22 20 22 22 19 20 18 18 22 22 18 19 15 20 21 15 16 19 18 15 20 25 23 15 17 19 21 16 25 22 14 17 17 18 21 17 15 21 13 24 20 26 
22 17 21 19 19 13 19 13 19 17 21 10 21 19 15 19 17 15 13 16 19 23 11 18 24 17 16 14 17 18 15 20 14 19 13 21 15 15 16 17 16 14 20 17 17 14 20 18 18 16 18 16 14 17 11 15 17 18 18 17 14 20 15 21 
17 12 12 17 21 18 17 14 15 11 21 13 18 15 15 14 16 9 12 9 14 14 13 18 16 14 16 12 15 14 12 15 15 18 13 15 15 13 13 14 13 9 14 17 15 16 14 16 16 13 16 16 12 14 12 10 14 13 9 11 11 15 16 17 
19 12 16 16 18 9 14 11 14 17 18 13 15 17 11 17 13 11 12 13 14 12 11 12 21 15 17 9 16 14 14 17 9 13 15 15 9 11 16 14 14 12 19 19 15 18 21 14 13 13 14 14 11 11 10 12 15 16 13 13 13 17 14 17 
20 16 17 17 19 13 16 16 15 16 19 12 17 19 15 16 19 12 14 17 12 20 19 19 19 16 17 17 18 16 14 15 16 15 11 19 16 17 10 16 12 12 16 22 18 15 17 17 18 15 18 21 19 17 15 14 18 16 14 15 17 18 21 19 
19 17 19 17 17 17 18 14 16 14 20 10 17 16 19 16 18 13 15 19 17 22 15 16 19 16 20 15 18 14 18 16 18 15 12 18 18 18 16 16 17 14 14 19 18 17 17 14 15 16 18 22 13 11 14 16 16 21 13 16 15 21 16 18 
