4523
56396
67522
69565
84615
116915
122270
135358
135401
137016
151933
152299
161384
167742
175243
176228
184096
185817
186401
193085
217817
224932
239238
242073
244644
266578
272917
276016
281390
283081
293191
295860
312126
319866
328592
330568
333573
335169
353311
354580
363816
365002
366094
394208
396475
398874
413652
426221
427082
430301
448081
457047
470637
471750
480202
480573
489731
490602
492952
501227
501536
510244
510490
518895
544177
545587
554101
563363
564359
571033
571144
573484
585794
590901
595502
605520
616736
621220
642999
655366
662704
692086
732596
745102
746934
747137
754123
799433
799784
803782
808833
818061
818691
819132
837914
847410
848109
855084
877865
885678
915616
915984
920058
926564
945285
957250
970694
989995
992670
996888
1000904
1041643
1096856
1106727
1128697
1166518
1173545
1183637
1187799
1192792
1215456
1220014
1243686
1260653
1278531
1280344
1287851
1312259
1355284
1375047
1388592
1390187
1402049
1408170
1411478
1417879
1418533
1454847
1458019
1462941
1474716
1483434
1491480
1494624
1497473
1498789
1503760
1517024
1559471
1565856
1568103
1573677
1582531
1584701
1619403
1623188
1623518
1669659
1672625
1677491
1678298
1681719
1684561
1694520
1703551
1711547
1719193
1733512
1755589
1767310
1768987
1789868
1795293
1799137
1804340
1807569
1817403
1829603
1831413
1838416
1840109
1844694
1846328
1846425
1847171
1863355
1866688
1872905
1888267
1891231
1926552
1954047
1973762
1983794
1997037
1998581
2014604
2030699
2051877
2061401
2071426
2096184
2112681
2112777
2113558
2114940
2117983
2136641
2150487
2155183
2182666
2183789
2229515
2230335
2246948
2247783
2259267
2268840
2276485
2282159
2288789
2295675
2310196
2313739
2335934
2337903
2339353
2346786
2347053
2347099
2348784
2364218
2379216
2393593
2395647
2399079
2426862
2433446
2433983
2439619
2447051
2477508
2478084
2493232
2504308
2511746
2517047
2517282
2519477
2530263
2570492
2576773
2602147
2602551
2626979
2645188
2647736
2649986
2651424
2651460
2662412
2672543
2680899
2683212
2683777
2685423
2705935
2713986
2728418
2728507
2732640
2758562
2769613
2777163
2781420
2784625
2785244
2790044
2796890
2814526
2815379
2817569
2822105
2842399
2852112
2853885
2859926
2864711
2868384
2902750
2934706
2949914
2958736
2961328
3002281
3004431
3010556
3013952
3028003
3031382
3034880
3042437
3052217
3053452
3065069
3065140
3067655
3072844
3091918
3093925
3118590
3121211
3126069
3155515
3156298
3162514
3171254
3171734
3175038
3180678
3180874
3190437
3207935
3211079
3218007
3223682
3232614
3233500
3236413
3255567
3282878
3286238
3288269
3293425
3295729
3300535
3314049
3318020
3330146
3331525
3339890
3343257
3362430
3366158
3369833
3377178
3433770
3435178
3435482
3439908
3443205
3451760
3453789
3468968
3472263
3524107
3528685
3545906
3551524
3556948
3560097
3562907
3564193
3602107
3605998
3627704
3653257
3664087
3687645
3700426
3707152
3707584
3714319
3716127
3724465
3728429
3747192
3768753
3778282
3788299
3795614
3819769
3826342
3827386
3832267
3837810
3840138
3840585
3841863
3853217
3855265
3858545
3858710
3879142
3882203
3888175
3890557
3901698
3909157
3915178
3918671
3920735
3923478
3925560
3926390
3945601
3953404
3979476
3987539
3989435
3994039
4008955
4016814
4018568
4024946
4045919
4046920
4065743
4067840
4093528
4093727
4125114
4125570
4151236
4177708
4180224
4182481
4186336
4190902
4197753
4217041
4229937
4232031
4234346
4238776
4253477
4270667
4279585
4281243
4286653
4288478
4308357
4341363
4350468
4352542
4356641
4371225
4374706
4419923
4422844
4423573
4425669
4426079
4433281
4442342
4443204
4463826
4465499
4475156
4487500
4493190
4501431
4517963
4527720
4530102
4530853
4546489
4556950
4592060
4593279
4596617
4600095
4603875
4629989
4639118
4659458
4660605
4684885
4696750
4697269
4697423
4703836
4707867
4708133
4711199
4711804
4722980
4739388
4751212
4765211
4766331
4775583
4782294
4787905
4790541
4812708
4821121
4831407
4837801
4839387
4846210
4856137
4880515
4895050
4910057
4939357
4968018
4974941
4982964
4992484
5019468
5020460
5025672
5041065
5047106
5049784
5055128
5055526
5056309
5058180
5068599
5078892
5085345
5114925
5120592
5130181
5134247
5135928
5136117
5164678
5169624
5177472
5183682
5185102
5192090
5196273
5214068
5216155
5218639
5221430
5222862
5224228
5240520
5247666
5293416
5300168
5303860
5322594
5324744
5329745
5331657
5332104
5333731
5338940
5355742
5367369
5368948
5375098
5382963
5385344
5390737
5423515
5445990
5449580
5496373
5502437
5512393
5523206
5525253
5530445
5534327
5535467
5554400
5555736
5568484
5571695
5581030
5600722
5604421
5617082
5637412
5638003
5654113
5659433
5667847
5668081
5727144
5747382
5758898
5776490
5778187
5779053
5785607
5801788
5804642
5822201
5845088
5851132
5903980
5908967
5911004
5916995
5918288
5924589
5927984
5934491
5937956
5938293
5967812
5988627
6011171
6011574
6020216
6055191
6082015
6083079
6085203
6107134
6118679
6125128
6130950
6147029
6161448
6184979
6186915
6189030
6192540
6199735
6221701
6223184
6237471
6257841
6309423
6330783
6341633
6348419
6352362
6352900
6363723
6386153
6389351
6389782
6396286
6413521
6421549
6439518
6456836
6466632
6475263
6481667
6509561
6517125
6528561
6547929
6571802
6571924
6580518
6584388
6597867
6642091
6651422
6652227
6658726
6659946
6661073
6676560
6677321
6679628
6686763
6688052
6711208
6712272
6716496
6721576
6723845
6733134
6734490
6737557
6783011
6811080
6823408
6823795
6836288
6838304
6839704
6845096
6853811
6875724
6889221
6894783
6919984
6923497
6923958
6929048
6950112
6951053
6954868
6962969
6964255
6976939
7036029
7037140
7039670
7046723
7064783
7067830
7069382
7072163
7076732
7094804
7130295
7134758
7153738
7164038
7165597
7184489
7188577
7206166
7215044
7216853
7238997
7275584
7276780
7289478
7302967
7307307
7308512
7323946
7338324
7354649
7357755
7365469
7365553
7370682
7372204
7372815
7389381
7394328
7411017
7420391
7436156
7451964
7452955
7456749
7468071
7475511
7488802
7504750
7521556
7525583
7543977
7553356
7553672
7557098
7566097
7572556
7579247
7583284
7591175
7606415
7610708
7634578
7640599
7645524
7653649
7673182
7675385
7685299
7686370
7686622
7687671
7688436
7706249
7718678
7729642
7732214
7735835
7747589
7761989
7773417
7778549
7779113
7780171
7780813
7785289
7806264
7813261
7815836
7815924
7817300
7828943
7831415
7839369
7841080
7845663
7850282
7866616
7872032
7878053
7883163
7893188
7907747
7912799
7913695
7921029
7931013
7931070
7932475
7948753
7949518
7983356
7983975
8012137
8015655
8024452
8057868
8070473
8073648
8076853
8081083
8081154
8082124
8102143
8104626
8118429
8121856
8146937
8148239
8149551
8158779
8174488
8178611
8204488
8233255
8242107
8246694
8247110
8259074
8277794
8282623
8282821
8301349
8312109
8327564
8333221
8333791
8368785
8388139
8389480
8398554
8404997
8447700
8454094
8455199
8456487
8459648
8476814
8496204
8503925
8506215
8506918
8514219
8562657
8585315
8595549
8622323
8657908
8682790
8695829
8697719
8702056
8707543
8731846
8742454
8755729
8779779
8783271
8783468
8802853
8803089
8813352
8822636
8832691
8839444
8848278
8853613
8853891
8854546
8856013
8857476
8883888
8884412
8885547
8915611
8957592
8966442
8971108
8973458
8991863
8999080
9003479
9014470
9018330
9025288
9027301
9033459
9061662
9063247
9071829
9085164
9090556
9094300
9099356
9119997
9146705
9148693
9149068
9151361
9189647
9189790
9203910
9208176
9208468
9214031
9238790
9238992
9239842
9251613
9256907
9280967
9283563
9289048
9299581
9301240
9318752
9322945
9326508
9340688
9345222
9345717
9353492
9365542
9371511
9393393
9397664
9407787
9413763
9413956
9414643
9417242
9432690
9435106
9457722
9458600
9472852
9478885
9493877
9494733
9509891
9515562
9520519
9530322
9584173
9595848
9599365
9641944
9646672
9648677
9648743
9652238
9654991
9690114
9706241
9714071
9714787
9718892
9731784
9732183
9754712
9758889
9762160
9789760
9796459
9803146
9831729
9832357
9849629
9853233
9866072
9875585
9890234
9923113
9947063
9949723
9952775
9961367
9967383
9980284
9989054
9997168
