1069
23360
29218
38234
52460
56734
58469
90915
101272
137300
147324
149519
158743
164013
174627
174734
176546
180300
198120
201899
205398
213901
224405
248189
251289
252586
252884
264827
265314
269365
273403
281054
289153
299902
305016
306609
316636
363193
372838
389638
393126
403043
405522
411286
413620
416221
421295
434464
436994
441067
443931
451778
456724
479782
481774
484379
491454
493853
498147
506419
538223
541362
548454
562761
585621
587359
588599
599897
610091
614371
615152
619704
637225
637973
645004
666563
679904
689040
698054
702798
703498
705096
716099
730962
753245
755327
782976
799716
805581
813500
815452
824193
828511
829411
831540
834655
839163
840011
840296
846324
862838
864338
870124
877631
884449
887372
905049
939826
941229
953452
956306
977337
987960
1008525
1015839
1024397
1034863
1035197
1038282
1038500
1091773
1098415
1109653
1115966
1117402
1126708
1138575
1139363
1144127
1158236
1158883
1163750
1175510
1189364
1197476
1198020
1212965
1216996
1218313
1218681
1220198
1225183
1231932
1232326
1233080
1238845
1242912
1260149
1263181
1279222
1283724
1290889
1291035
1298638
1305990
1309855
1312420
1318341
1333433
1347359
1361266
1365375
1365780
1376299
1381418
1406695
1417085
1427850
1430710
1467372
1482718
1492439
1494767
1501468
1545350
1564996
1565322
1579294
1579747
1590378
1604222
1618591
1634228
1636223
1640996
1683938
1687290
1689783
1701976
1725850
1731490
1734149
1755847
1760703
1779766
1791373
1807790
1811334
1825462
1825710
1830258
1833768
1834842
1842709
1849756
1857639
1861344
1879596
1884373
1895729
1958076
1971549
1983754
1985693
1992477
2009091
2011917
2029486
2040695
2054287
2058651
2066882
2075113
2075245
2080474
2087268
2103552
2140419
2140680
2149249
2159637
2164616
2177202
2179822
2188385
2196386
2196885
2201142
2237256
2243717
2253632
2254923
2267327
2270799
2321353
2322398
2333967
2340771
2357524
2372463
2377826
2382397
2397729
2415758
2420076
2427273
2429229
2441213
2459925
2466980
2484735
2493208
2496811
2519606
2523671
2524066
2524079
2527597
2529348
2530206
2530235
2531526
2551547
2557337
2560107
2560992
2577197
2588579
2596130
2621336
2639492
2658793
2658897
2659907
2669225
2671901
2684687
2686063
2694892
2703952
2704087
2712014
2717587
2717631
2729554
2759030
2761449
2764739
2770929
2771575
2789260
2799357
2805506
2842864
2845647
2846436
2846904
2848156
2855582
2857467
2868836
2877472
2887566
2892330
2930017
2949446
2951004
2952162
2960828
2971711
2982835
3001953
3010718
3021180
3022590
3028210
3042981
3055758
3060376
3073295
3073942
3077278
3078633
3080462
3095646
3099447
3125254
3146659
3156994
3177969
3239934
3252982
3263313
3266460
3282477
3289582
3302934
3309976
3315515
3319314
3362126
3370210
3377345
3379206
3386061
3387343
3389674
3391475
3408687
3411124
3422978
3424537
3431209
3435876
3460432
3460467
3464757
3474089
3483558
3505255
3512747
3526838
3530885
3545397
3559023
3559063
3568302
3570393
3581335
3594797
3598441
3615123
3615803
3624742
3628636
3631143
3633838
3645973
3651677
3662714
3665222
3693258
3745375
3762792
3775806
3784297
3811218
3815841
3826741
3857987
3860882
3869010
3891456
3906241
3907597
3908078
3915113
3915298
3922277
3940088
3950333
3959053
3966657
3975200
3988329
4006273
4009351
4032518
4034107
4034303
4040006
4076554
4086685
4086807
4087787
4106044
4109006
4116795
4130908
4140934
4150855
4165636
4178332
4190186
4220897
4229352
4231902
4241180
4259209
4264117
4303027
4323070
4325032
4328957
4345536
4357027
4359877
4378193
4391446
4418690
4434507
4436399
4445984
4449515
4462153
4467514
4474883
4478242
4486316
4494259
4495916
4514262
4528211
4529775
4541121
4548243
4605892
4608041
4623602
4627936
4654345
4655902
4657374
4658145
4681338
4693340
4706314
4709683
4713657
4713718
4719528
4724427
4731658
4749671
4759334
4771500
4776077
4777968
4786122
4803095
4803122
4823615
4846437
4846486
4852172
4852261
4858063
4862214
4888360
4906107
4908557
4924326
4942755
4948442
4974088
4975728
4981439
4995997
5007364
5008359
5023557
5037902
5041175
5066733
5075941
5091144
5091763
5099244
5112717
5131717
5140882
5141137
5159496
5161576
5162280
5167621
5182173
5192764
5223458
5231488
5260471
5279109
5280399
5296844
5305824
5314872
5315347
5319088
5321537
5332496
5332877
5333975
5351971
5363707
5368866
5395147
5406575
5452313
5455908
5463120
5463431
5475096
5507250
5520301
5524503
5526873
5535852
5543202
5546352
5552256
5555407
5555628
5557498
5570915
5580128
5583561
5593577
5605496
5608147
5626218
5641487
5642010
5643445
5647854
5648285
5649588
5677325
5691569
5694625
5705594
5722406
5724474
5724790
5738014
5778611
5781755
5789509
5802025
5806255
5806486
5811657
5816899
5824526
5825336
5830891
5832710
5866287
5896711
5903100
5903606
5923833
5929060
5940254
5940591
5966821
5975775
5992732
6007625
6019571
6026644
6031308
6032792
6033027
6034378
6035004
6036041
6037567
6041106
6059773
6074050
6078263
6082107
6086602
6095378
6114295
6116797
6124178
6143023
6145087
6151637
6178409
6196318
6200246
6204683
6207420
6217267
6224998
6232788
6238510
6250802
6283532
6295492
6305238
6308772
6316530
6318472
6327643
6336831
6365825
6385415
6389839
6392308
6414743
6416951
6420749
6420825
6433075
6436515
6443282
6454244
6462431
6468444
6471808
6502109
6512619
6529778
6540805
6552830
6582116
6583530
6583554
6587555
6610462
6625954
6655445
6663013
6666176
6669689
6689411
6718923
6721800
6723636
6724766
6741870
6781187
6788396
6791454
6793184
6802937
6811114
6826286
6840445
6857067
6879840
6880879
6898920
6905496
6906018
6908817
6909668
6923355
6946854
6969763
6979075
6991772
6996595
7006526
7018995
7032608
7065876
7066076
7099315
7106285
7145491
7151573
7161901
7167623
7182505
7189842
7191040
7191268
7200690
7207580
7211891
7229980
7238623
7249132
7257501
7283604
7292384
7296015
7310967
7325764
7345246
7352543
7364580
7380838
7393478
7418122
7435610
7446454
7459053
7463800
7466002
7472864
7490897
7499609
7505208
7523400
7531525
7536590
7541368
7541700
7543088
7568100
7576021
7585538
7597845
7606841
7641003
7649116
7654168
7662969
7681146
7692095
7701554
7719796
7730360
7739579
7751685
7760612
7761252
7769427
7771800
7782992
7789736
7793908
7808308
7822737
7846132
7849843
7857500
7863606
7876122
7881966
7889051
7892715
7896723
7898821
7905399
7908328
7935304
7939021
7940627
7948529
7954868
7955167
7976081
7985029
7985035
8009783
8024571
8064268
8068433
8069166
8090868
8092546
8102903
8115590
8150439
8163395
8164482
8166814
8177321
8194149
8194912
8202463
8208380
8211868
8213944
8217981
8220957
8235770
8241779
8253591
8274458
8278481
8281568
8281764
8283978
8297179
8308633
8321648
8328933
8342444
8345334
8382050
8383566
8404953
8407584
8408875
8412711
8429716
8453137
8453546
8457307
8480170
8486651
8494738
8499038
8499928
8517185
8548342
8572712
8576297
8583373
8593888
8595134
8617185
8618401
8619478
8622300
8623053
8634627
8658127
8659097
8659510
8668754
8670564
8690092
8694269
8699641
8708922
8729888
8731682
8749279
8775716
8781936
8788153
8799204
8816070
8850415
8881000
8883730
8886658
8890704
8932646
8938772
8972937
8976150
8976290
8978380
8987419
9012933
9044626
9049617
9055801
9061837
9072686
9073868
9077215
9080132
9095952
9111695
9112346
9113007
9120683
9145962
9165464
9169235
9170574
9171384
9183183
9184278
9188787
9200384
9215179
9247576
9248617
9264910
9268211
9293385
9300800
9309583
9312670
9319516
9321040
9329242
9348282
9364704
9374066
9380659
9389032
9393181
9396640
9402299
9415163
9417341
9449848
9474666
9477495
9495618
9495863
9509544
9528804
9550146
9566584
9574476
9581460
9581591
9581877
9590909
9592889
9595439
9632814
9640152
9646889
9650514
9652114
9665684
9682221
9684836
9688416
9698248
9701317
9732967
9747608
9749030
9755386
9765534
9767819
9806959
9807970
9844768
9848969
9856369
9869410
9874635
9889496
9892275
9894978
9912335
9926738
9927987
9935119
9935910
9948755
9949856
9950791
9952919
9963677
9964332
9971851
9972769
9987045
9992224
9994755
9995350
9996510
9997333
