5844
10434
12375
16004
28748
41872
52093
55541
120779
122943
125928
154384
156956
165035
172803
192863
199146
205866
215808
225639
231729
235556
237091
257411
259969
269686
277355
281168
282550
286112
286700
287658
289585
291868
294580
315761
318155
321852
322748
328519
332204
338077
342246
351068
357563
364373
367103
373218
379169
381643
391580
394839
396565
400509
403404
419196
435913
443562
445660
447361
450341
457160
469683
478661
482710
484190
506957
513318
520968
533141
533329
546505
568025
568845
569952
578372
584641
590342
591763
592831
595902
598674
600984
618489
621442
637417
651590
655242
668960
684613
686948
688498
691131
695975
699367
714657
715646
722307
732243
737533
754377
766720
767263
801220
810026
813522
820969
827942
893959
903907
920502
939929
1014041
1019766
1023855
1046652
1048529
1056379
1064220
1071601
1073290
1074856
1081627
1083208
1108076
1109950
1116969
1129951
1132412
1150349
1166280
1173460
1175506
1184765
1194978
1216689
1223841
1224384
1230581
1236546
1253586
1269300
1269869
1280375
1285785
1296723
1304642
1310491
1313552
1314589
1314730
1321050
1327910
1329721
1330638
1334758
1348855
1353270
1364897
1366763
1383389
1413168
1433722
1434968
1457134
1464660
1467869
1468589
1496550
1498709
1500528
1531165
1538661
1539065
1560591
1590268
1593061
1611649
1619389
1620207
1626693
1629770
1634537
1636372
1636622
1660587
1678892
1689005
1690999
1702006
1704429
1709016
1709674
1714565
1718257
1720228
1723489
1738186
1753144
1783349
1789984
1792142
1795734
1804256
1804427
1809463
1827738
1832639
1840414
1851909
1853965
1861093
1866166
1871751
1874329
1874775
1877581
1884276
1887319
1909780
1913572
1916871
1926408
1936870
1941168
1948517
1962319
1967093
1979760
1993104
2002304
2002988
2014181
2021494
2038835
2039088
2052101
2054216
2065668
2091219
2096273
2099950
2103588
2112288
2117243
2118624
2128149
2128435
2151940
2168271
2183287
2185943
2232074
2241170
2252163
2255915
2261305
2264815
2269962
2280608
2287278
2332141
2333869
2335155
2338014
2348931
2358689
2394720
2402694
2407979
2442970
2448782
2479160
2493222
2494626
2496082
2499017
2503402
2539940
2544818
2546553
2555817
2559723
2611679
2619236
2622927
2630498
2656156
2675495
2684835
2698050
2708791
2710019
2712942
2730344
2775522
2775525
2803322
2808875
2810225
2825540
2832953
2848340
2851166
2856612
2867234
2870679
2870725
2872238
2889278
2891868
2913609
2917370
2926134
2927750
2938133
2952418
2955742
2966901
2981080
3030720
3050795
3064725
3068853
3082925
3093567
3105283
3108078
3136904
3143110
3143218
3158216
3168686
3168998
3171059
3209760
3211323
3230429
3231017
3233846
3247450
3253797
3269496
3286215
3290776
3332479
3335084
3387418
3389300
3402756
3419771
3433661
3451308
3456536
3477913
3494273
3494794
3496998
3510170
3516162
3523037
3528786
3529974
3545931
3553402
3569158
3585005
3593355
3597801
3606369
3611521
3615131
3615253
3621946
3622306
3625810
3638096
3641198
3642128
3642677
3650492
3650944
3656811
3659176
3669740
3679378
3694149
3704328
3723096
3743154
3745042
3753355
3755930
3757809
3775459
3779395
3790217
3802280
3855091
3868683
3882660
3921908
3926944
3949705
3954605
3967583
3968993
4012753
4018502
4025760
4034879
4038169
4043697
4045171
4050767
4064869
4071976
4094520
4106978
4107697
4136468
4163246
4170445
4174564
4191754
4193772
4195085
4204251
4215064
4217692
4230102
4244941
4271046
4298503
4298753
4309683
4337708
4343282
4362866
4368006
4383392
4389762
4392884
4403046
4422196
4423661
4431688
4433820
4460585
4471281
4472334
4477127
4491408
4500902
4511918
4522720
4523138
4548315
4549576
4556786
4556980
4559548
4561565
4571477
4576230
4582860
4585617
4594558
4597423
4600041
4606014
4612778
4620238
4622884
4629566
4633851
4636314
4640352
4656717
4659059
4659454
4665254
4669741
4671336
4694299
4713788
4740751
4749527
4750803
4753040
4783834
4785467
4785828
4791699
4836156
4839900
4845886
4845996
4848076
4851268
4855231
4863716
4874849
4876691
4877863
4883711
4891846
4907859
4909461
4910214
4923554
4923892
4925480
4939861
4952843
4957758
4974245
4975519
4993611
4994229
5006513
5017021
5018437
5025724
5048573
5054926
5056513
5066037
5072962
5119449
5122529
5123890
5124161
5124933
5173713
5188799
5193720
5195780
5224505
5227808
5231646
5239420
5257837
5270860
5283912
5286052
5309841
5332853
5336831
5343672
5343709
5365417
5386769
5395679
5395732
5406032
5410717
5420899
5444904
5445835
5493608
5496660
5497383
5499123
5517498
5519522
5540413
5556237
5573055
5574733
5589132
5596143
5604670
5612576
5628255
5641919
5648474
5651748
5665205
5688082
5695516
5700728
5745306
5748757
5752471
5755859
5759355
5804923
5808868
5812186
5825281
5831420
5832707
5837433
5869118
5884088
5892920
5896404
5912004
5915677
5920142
5925252
5950326
5974040
5976104
5976647
5977602
5981376
5986897
5991303
6010506
6016179
6016284
6018233
6037122
6041714
6043260
6057067
6059180
6064675
6081510
6094098
6100452
6126530
6128736
6145315
6155608
6166942
6179520
6187846
6200901
6207959
6222536
6241908
6241949
6252765
6270187
6288796
6295489
6297925
6308577
6315705
6334591
6351600
6382152
6388553
6401428
6410478
6416618
6435848
6436111
6464730
6470774
6477431
6495496
6500522
6534246
6567707
6582452
6585566
6588612
6588716
6608818
6611252
6613657
6627648
6639040
6655385
6659372
6664539
6668451
6671963
6677308
6709249
6740831
6743386
6777821
6779726
6782076
6792467
6795515
6803310
6805050
6823977
6838274
6840678
6849453
6858746
6859918
6863392
6869339
6897357
6913219
6913902
6921424
6929245
6935642
6940649
6951766
6953916
6954840
6970068
6989988
6994431
7016434
7020961
7025757
7029049
7029492
7040898
7043680
7050365
7059466
7060920
7072986
7073437
7080600
7081957
7082981
7085845
7094417
7100842
7102507
7104338
7111552
7125846
7138310
7166636
7167048
7173602
7181896
7183767
7200074
7201682
7202685
7205370
7216321
7226581
7243092
7257838
7270877
7284803
7295675
7303175
7321283
7327172
7344128
7345701
7345702
7378358
7381149
7383804
7384406
7393685
7402101
7420404
7425317
7426464
7465783
7467463
7474548
7483433
7486201
7492993
7495590
7513205
7529350
7534505
7538739
7547411
7563788
7565674
7580553
7580967
7598333
7605013
7618473
7628389
7628876
7631962
7647950
7649229
7675316
7684232
7692928
7695228
7727747
7779792
7791889
7800782
7805897
7818338
7822308
7833113
7840793
7842359
7852194
7853258
7858897
7865237
7878536
7879122
7884525
7886269
7900964
7901118
7906179
7909584
7941830
7951864
7964507
7969314
7972273
7975150
7981469
7986977
7987432
7992490
7998194
8009136
8026696
8041770
8042516
8062762
8065375
8084117
8111162
8120067
8125459
8127284
8149707
8155102
8161453
8164819
8168456
8175375
8185364
8193764
8220284
8226253
8236471
8246309
8246872
8270712
8273900
8275656
8286071
8297007
8321958
8332177
8339815
8360210
8375236
8384718
8399706
8423241
8433742
8453997
8458612
8461404
8484112
8487070
8505674
8540114
8540200
8560975
8573504
8593945
8601489
8604519
8609713
8634784
8636539
8638066
8654523
8662188
8674616
8677530
8735794
8735989
8748891
8757500
8760113
8784158
8788119
8794497
8810398
8822567
8834445
8859599
8863477
8865628
8870680
8873333
8891595
8904829
8911994
8925819
8928997
8931708
8933588
8952818
9004888
9028013
9031085
9038453
9043102
9049756
9061726
9064691
9067417
9071107
9095502
9101116
9101304
9140254
9140645
9148231
9167698
9170435
9180079
9184910
9192770
9205174
9207390
9213510
9219601
9226424
9251492
9276677
9280625
9282596
9283252
9289040
9315406
9328292
9331807
9339100
9339565
9345010
9351573
9374916
9385385
9418433
9422127
9423230
9428834
9450504
9462204
9471651
9482061
9488204
9495248
9496252
9496323
9498747
9510874
9512261
9526657
9568654
9570494
9574583
9579886
9616781
9633143
9657802
9682962
9689193
9696584
9703407
9728536
9729946
9782848
9784202
9798027
9800991
9802999
9804383
9811323
9818892
9831681
9838010
9855737
9865839
9876385
9884636
9913928
9920759
9927089
9932370
9933561
9940054
9940258
9945997
9947653
9950897
9956687
9968719
9997358
9999529
