34712
35441
46078
55503
83109
99853
117669
126647
131912
132666
156044
168941
215522
220637
244749
259501
264369
277142
278177
282273
296184
296646
300260
300864
302927
311763
314820
318146
321719
328492
338330
349268
352943
361641
361924
362654
363129
372046
384044
384714
390089
392117
394562
397631
433238
445003
445752
470714
480803
481754
501902
504142
507119
512292
527380
554401
560612
567034
588605
608292
612600
637025
639241
641682
646352
647234
657574
662166
679605
690561
717572
720346
729588
739701
763762
764232
792913
798666
800155
810700
832718
834862
835419
880586
885762
903971
920917
923923
987842
1009462
1010056
1016096
1025117
1029347
1031902
1034163
1053482
1054475
1075647
1090107
1099401
1124126
1143477
1153203
1163392
1163918
1196303
1207389
1238821
1239242
1257358
1259899
1300973
1314340
1329976
1346707
1354775
1361379
1363369
1363768
1364306
1375223
1378418
1389630
1429321
1437912
1445886
1452205
1455316
1479245
1483525
1499591
1501861
1504504
1504529
1518990
1532158
1533293
1536653
1544978
1554248
1564770
1570934
1570965
1574154
1578811
1584175
1587649
1589239
1591738
1594258
1605934
1621312
1624714
1657375
1659187
1662576
1671172
1672828
1680950
1696803
1705453
1711357
1718219
1722820
1724253
1747120
1773996
1776539
1791750
1795192
1813219
1839608
1847330
1871501
1872442
1895976
1904601
1913736
1948339
1954250
1955475
1973114
1979052
2000562
2002336
2006019
2021037
2025053
2026628
2045446
2049120
2073299
2077810
2099888
2100737
2150451
2154998
2166950
2170527
2186385
2202443
2205573
2206420
2212944
2236357
2245016
2255076
2273266
2275937
2281720
2290029
2290441
2294774
2295275
2320638
2331021
2351047
2381719
2382779
2387586
2406134
2409178
2413487
2434221
2447206
2461532
2467363
2469238
2488542
2499684
2511158
2542829
2545861
2546675
2552846
2558269
2577433
2579299
2580751
2592810
2637925
2640745
2662416
2671668
2671738
2684853
2684996
2690580
2690988
2691715
2692164
2694181
2715762
2731307
2731740
2735362
2747920
2767017
2793660
2794934
2804219
2811956
2814851
2818901
2823679
2844210
2887012
2890787
2900218
2900559
2917116
2923846
2925750
2939247
2943348
2956097
2959291
2964011
2966349
2969089
2978353
2984660
2985350
2985750
2990597
2999439
3000969
3002324
3003532
3006499
3010371
3017888
3023447
3032366
3034350
3038526
3039492
3063979
3075845
3083586
3090136
3094457
3097568
3105540
3111048
3111145
3111702
3120273
3127639
3128941
3139799
3160360
3169882
3200156
3202215
3206929
3207576
3209967
3213151
3230740
3252134
3255670
3281128
3283267
3292676
3317169
3324872
3326166
3329337
3330366
3353787
3360518
3368112
3374103
3393833
3395666
3408135
3412472
3423737
3430628
3453369
3453876
3457522
3459016
3465698
3486221
3523243
3528269
3545044
3546729
3556011
3561318
3563819
3579336
3590042
3606739
3626559
3626588
3630152
3637046
3638996
3643076
3643534
3672749
3682214
3685435
3697761
3715993
3730569
3745049
3757592
3765658
3779165
3793713
3806559
3811696
3814246
3827763
3829607
3835692
3856968
3861732
3873981
3874439
3880359
3885546
3913587
3918744
3945071
3950178
3950881
3968357
3992856
3994957
3997069
4015281
4018424
4059647
4063316
4087427
4087785
4101996
4108605
4116398
4125791
4130136
4149337
4159109
4165089
4175060
4183350
4200497
4200797
4217562
4246436
4255283
4257616
4275111
4283810
4293752
4296761
4309334
4315926
4317413
4318084
4325390
4326359
4332347
4334428
4335395
4346444
4357399
4357592
4370801
4380092
4382439
4389866
4418634
4419586
4433664
4448915
4467580
4476310
4489434
4495498
4498136
4500498
4500973
4511817
4519185
4524753
4539725
4540333
4544701
4548823
4575286
4591668
4595580
4596389
4597512
4601373
4607853
4618811
4619958
4632256
4638053
4638801
4645536
4646333
4660360
4672180
4673647
4678638
4694665
4699203
4709485
4726988
4740669
4743864
4750657
4754915
4759488
4764935
4773397
4780578
4781282
4793693
4816052
4840527
4846254
4854553
4854811
4859957
4873235
4902195
4919339
4966879
4982987
5001320
5036876
5037539
5042109
5049687
5055978
5057518
5070197
5087592
5092313
5128545
5145048
5148331
5162313
5173027
5176909
5182482
5199556
5207802
5220404
5231786
5246242
5252120
5258172
5274939
5283693
5290979
5303763
5307160
5315727
5318715
5318984
5326108
5329867
5331110
5346476
5360842
5362852
5378875
5385007
5389381
5419777
5421538
5438993
5439021
5445441
5454226
5497071
5516022
5532123
5543793
5554574
5603745
5610185
5627657
5634910
5661247
5661746
5681100
5686923
5707843
5714297
5717223
5719759
5725803
5763155
5787381
5793153
5794857
5814587
5821938
5832270
5837823
5853461
5859382
5860462
5886624
5897260
5899272
5921564
5924617
5928269
5928896
5935290
5946737
5967465
5993082
5995416
5999543
6014127
6024227
6025464
6032437
6038242
6051314
6058256
6058866
6075978
6076764
6080885
6083153
6094088
6136632
6144300
6149737
6162689
6165964
6174519
6190103
6198206
6211153
6228252
6237240
6241419
6266568
6275444
6275490
6285531
6286601
6288100
6293047
6294160
6298386
6306858
6314762
6316345
6323239
6327963
6328481
6329294
6329894
6334741
6342423
6366710
6367050
6367691
6390416
6396793
6426203
6429543
6443520
6478337
6487013
6487314
6488052
6491044
6498747
6508758
6536061
6545450
6558581
6572755
6575966
6595910
6597801
6602509
6603132
6632777
6653220
6660139
6671771
6689411
6714462
6730833
6733684
6735185
6736832
6737603
6744687
6754884
6759199
6760372
6766147
6766427
6783959
6788493
6788874
6793920
6795616
6802035
6803746
6816672
6821325
6822289
6830551
6836082
6839253
6845264
6845899
6863346
6867756
6885679
6903370
6903664
6912113
6916305
6935651
6949454
6972318
6976735
6981362
6983951
6986294
6987707
6993081
6994803
7008920
7014906
7021798
7022127
7046349
7069047
7084615
7087213
7095794
7096955
7109743
7114121
7115080
7178568
7194181
7228718
7234571
7253705
7254586
7256603
7257205
7259789
7261266
7271082
7276933
7308150
7324636
7328339
7346741
7348585
7377685
7393692
7417240
7427506
7434915
7467486
7475491
7481677
7486658
7487172
7488369
7514790
7526534
7529737
7530222
7536776
7557820
7558472
7558535
7561662
7593891
7595604
7622109
7638603
7670031
7683192
7691722
7693750
7723197
7736048
7746324
7768642
7776258
7779273
7830975
7832312
7846509
7852733
7867117
7871004
7876235
7887649
7895619
7899750
7900625
7900820
7924983
7926490
7946232
7956936
7973119
7973171
7973278
7995095
8005084
8030304
8066696
8096573
8102279
8107068
8107258
8117300
8129649
8148028
8152304
8154967
8157844
8159979
8172647
8187409
8189415
8193065
8194277
8195713
8203850
8205454
8213363
8216585
8226391
8243484
8271596
8277849
8279655
8287134
8301651
8319333
8331373
8358071
8373783
8377945
8378612
8390200
8412655
8423697
8426884
8429739
8452034
8456099
8463729
8473417
8474766
8475224
8494286
8495294
8502299
8510596
8512849
8528896
8560309
8563213
8568152
8570688
8573331
8577636
8608843
8617095
8628736
8631362
8637334
8642168
8644370
8656310
8664597
8674088
8676210
8676762
8685008
8693563
8701229
8704179
8725612
8727211
8727633
8751761
8759914
8787821
8793848
8823244
8844165
8859911
8867274
8885460
8898355
8910500
8917759
8920574
8927944
8928739
8929429
8936455
8941720
8942920
8943117
8945067
8990156
9011213
9011420
9015848
9017910
9024075
9032572
9036520
9057511
9058388
9062131
9063815
9070478
9074367
9082222
9094440
9097423
9097429
9127883
9128925
9139010
9151156
9174246
9196245
9203727
9220868
9223663
9226417
9232846
9236247
9254310
9256862
9261462
9285131
9295318
9312065
9337590
9340509
9359759
9360369
9364906
9372376
9397552
9398940
9408692
9410654
9416456
9418967
9425264
9426457
9433128
9435180
9436802
9446083
9451391
9465370
9472037
9472698
9473180
9477700
9483574
9498368
9504321
9520483
9527881
9544508
9568798
9572521
9599589
9615912
9618584
9635829
9637751
9638869
9651037
9651203
9651792
9684330
9706443
9718381
9720609
9731098
9740495
9741522
9762286
9763726
9778789
9782091
9783981
9786630
9790695
9797053
9801582
9807858
9817157
9820659
9842172
9842616
9851046
9862404
9868185
9901913
9906709
9915922
9916895
9931920
9932519
9933947
9957069
9960681
9996487
