25910
28583
36616
48846
59093
80261
88625
90813
99968
113146
124378
126928
133013
134009
134742
152086
163550
175415
188395
194124
194558
196991
197038
197497
206557
207736
214692
222980
229289
237015
252234
258442
261849
263198
268769
278446
288139
290495
298560
309976
315221
319639
342619
361820
372121
372597
376187
389141
392433
396912
397481
411800
420422
424662
429552
443369
443920
448576
455850
462234
473372
475919
490655
502571
534398
541617
553625
559937
561434
568439
578928
584708
594393
601863
615020
626627
631201
632214
641444
648550
648882
660433
685384
692727
708980
748809
767577
767632
779530
809047
810194
820260
833323
835014
856457
858354
863239
867230
885132
889614
892013
902149
902251
919715
922935
930067
962583
969836
976187
998568
1003570
1021268
1029993
1034937
1038089
1058396
1058813
1059692
1085698
1087328
1094541
1104140
1109869
1129036
1150489
1154089
1178833
1188108
1203642
1215086
1218457
1261279
1262284
1262359
1263242
1280477
1287611
1293520
1302451
1307872
1315775
1316215
1332907
1352571
1352799
1357969
1358642
1384421
1385703
1385804
1387821
1412121
1413281
1414218
1415983
1427809
1430626
1445432
1464958
1486597
1505623
1512575
1514173
1523685
1529120
1531664
1539025
1541479
1554242
1555047
1563768
1582173
1586688
1610284
1618030
1619200
1624110
1627018
1633758
1652036
1697350
1705404
1707192
1709568
1721778
1741733
1743995
1769894
1782196
1784105
1834997
1839464
1840989
1841410
1855972
1858861
1866809
1866830
1877954
1880739
1896009
1901748
1914295
1922065
1926257
1937044
1940279
1960624
1961007
1970931
1982217
1982887
1992988
1995326
2008484
2009023
2017491
2027089
2043164
2054777
2057005
2072684
2089533
2094202
2107811
2119098
2121791
2130288
2131868
2160355
2222676
2223133
2232604
2238754
2241595
2241708
2252872
2254363
2268001
2278457
2284663
2291022
2291959
2298538
2302080
2306732
2307935
2318646
2327079
2331523
2342907
2354396
2368858
2376524
2383937
2399621
2405384
2411823
2418330
2442575
2453521
2457081
2461000
2465694
2470003
2489851
2491916
2500385
2502606
2506423
2511402
2585452
2590267
2593106
2606557
2624892
2629791
2640508
2644209
2659663
2669190
2722350
2727134
2727212
2728832
2739219
2742293
2743179
2772161
2780997
2813125
2852660
2861964
2863648
2868832
2884291
2919053
2933074
2935336
2942571
2947656
2952139
2960403
2984309
2996020
2996160
2999543
3002466
3007955
3011932
3024894
3028264
3073379
3084295
3085274
3090590
3109276
3115569
3117856
3120590
3122625
3126730
3143204
3153715
3155607
3192422
3198177
3209527
3222589
3234153
3258849
3262141
3270428
3276847
3305802
3323987
3327092
3336792
3339055
3357440
3358011
3358232
3360526
3377977
3387453
3396342
3402465
3406103
3408621
3410929
3421068
3432321
3436526
3442084
3451142
3455260
3464545
3482414
3483040
3491953
3536809
3545491
3551862
3552285
3556754
3570228
3571977
3587385
3593924
3605640
3608223
3621966
3627793
3631118
3647028
3651669
3659971
3671881
3673366
3691231
3700436
3705892
3721742
3722348
3728589
3751168
3755897
3764076
3765261
3772201
3788760
3794489
3795199
3798759
3803355
3839066
3839463
3842794
3849868
3857829
3859205
3859694
3860319
3887129
3887689
3892390
3901560
3924704
3929855
3935049
3939122
3942964
3950238
3954826
3955143
3955867
3970881
3983416
3983555
3986425
4029594
4054320
4058284
4062197
4065467
4086401
4091723
4096572
4106024
4128291
4130048
4170436
4175979
4178044
4189632
4201131
4210699
4252549
4259411
4263622
4264875
4274454
4289680
4290585
4315628
4315787
4356876
4363008
4369855
4372488
4373731
4381559
4395737
4397610
4416453
4420277
4436875
4440909
4447006
4471503
4472206
4479498
4494895
4500637
4514412
4518940
4519540
4543701
4543950
4595513
4627606
4658683
4661942
4663070
4663088
4679251
4693569
4696242
4703893
4705197
4710286
4716528
4720002
4721989
4733783
4738149
4741424
4745493
4782011
4792096
4796341
4797066
4801860
4804530
4813116
4827552
4845147
4861426
4877609
4895073
4902500
4914145
4917577
4927690
4931441
4939845
4949031
4971031
4973402
5002592
5002599
5027972
5032443
5040667
5042853
5046307
5049152
5076186
5088563
5088660
5092412
5104948
5107523
5119266
5161965
5170370
5174554
5180538
5183184
5186861
5187259
5189730
5190774
5204536
5213629
5222581
5226437
5257213
5260977
5266718
5272286
5284545
5291472
5295664
5296564
5318643
5335354
5344308
5350947
5355054
5363729
5369996
5371506
5371961
5374845
5405373
5411654
5415085
5431111
5464145
5469460
5480580
5484697
5493268
5501639
5507554
5511400
5515178
5516656
5516772
5521900
5558376
5564092
5568769
5569624
5582899
5585073
5586494
5592821
5603259
5606788
5612979
5616774
5634319
5638664
5645825
5656153
5658810
5688687
5700500
5701056
5705924
5711843
5712077
5712690
5717966
5724481
5731889
5741403
5760404
5766957
5800350
5856345
5858427
5880349
5881462
5886048
5893605
5912168
5966963
5971718
5996128
5996697
6005446
6009838
6011090
6014216
6029836
6035291
6046914
6068631
6081269
6106687
6139133
6141710
6150656
6167223
6183961
6189220
6191516
6191659
6205580
6206648
6210540
6220372
6229859
6232959
6302687
6307537
6316777
6318550
6329351
6349902
6360411
6367325
6369359
6379792
6387914
6402918
6402988
6408065
6444847
6456462
6458732
6464028
6465839
6476565
6496161
6500162
6508214
6512166
6521058
6534831
6543631
6547387
6549214
6554855
6561926
6573175
6584885
6589739
6590827
6592534
6598211
6627317
6640060
6669277
6709315
6716053
6716588
6732932
6740014
6763631
6770313
6775309
6782199
6802855
6806252
6812212
6817856
6832374
6838587
6840519
6847076
6867577
6871407
6888498
6893581
6918831
6927015
6927681
6965429
6965853
6968954
6990638
7007128
7040725
7049259
7049511
7054550
7061594
7065691
7098032
7125461
7135659
7145828
7153459
7160054
7168334
7175442
7196260
7205681
7221876
7237506
7247272
7252911
7259440
7261306
7266304
7324927
7325610
7332141
7337394
7342746
7352301
7358633
7399932
7402698
7412609
7437905
7455400
7464215
7485762
7497797
7499778
7518585
7530235
7532629
7540074
7540748
7553028
7556759
7564529
7566650
7567222
7569060
7569380
7575110
7583392
7586821
7592748
7593048
7595381
7607329
7609610
7612370
7615598
7619764
7670074
7688307
7692196
7693755
7694905
7717413
7744473
7747153
7748876
7756109
7757552
7769455
7779075
7780622
7787862
7796248
7797513
7800851
7802867
7825242
7837217
7874259
7879133
7912307
7923601
7923942
7930615
7944950
7947082
7948316
7953148
7963022
7966492
7978154
7987057
7989664
8006779
8018421
8038432
8057369
8060893
8063039
8063529
8063539
8068025
8078018
8082702
8084814
8085142
8104581
8106207
8113923
8117109
8124792
8125171
8125659
8128341
8142632
8145247
8161074
8162732
8169470
8180157
8194725
8205726
8207856
8208315
8216348
8219416
8221095
8221441
8235635
8239814
8240305
8240760
8241684
8264899
8275301
8281645
8291841
8298502
8301859
8344603
8381480
8383120
8384199
8392918
8415081
8421778
8438836
8453346
8456321
8492436
8508594
8522518
8522913
8529247
8537007
8549154
8551089
8563071
8575133
8579681
8586594
8606987
8621517
8622855
8632779
8661344
8691113
8691226
8706345
8709889
8713443
8724928
8726685
8731983
8742735
8745549
8746373
8761050
8763908
8766344
8776211
8788447
8802085
8811597
8829421
8849280
8870177
8893860
8898539
8901785
8926943
8938507
8938763
8944811
8955326
8990909
9013756
9020774
9024544
9027501
9029416
9032953
9034604
9042324
9061592
9080656
9089404
9090340
9091431
9093224
9099459
9111481
9119346
9129083
9140184
9151134
9163466
9178336
9200148
9208954
9211744
9223759
9235073
9247490
9271351
9276119
9286901
9295065
9300938
9313206
9320841
9323000
9339545
9342337
9349609
9354155
9363450
9379651
9380751
9382762
9385001
9398296
9405842
9436945
9453882
9457890
9497012
9536293
9547965
9551141
9593981
9614769
9621025
9627846
9636689
9637890
9658603
9660006
9663244
9665608
9666076
9679139
9682091
9704061
9732249
9738371
9755969
9775286
9785943
9799976
9825315
9833253
9834636
9842722
9851012
9852139
9859730
9868709
9873017
9877764
9880364
9888989
9889705
9909511
9914728
9954651
9955150
9980701
9985519
