201
3277
16558
28543
41059
51208
72374
76172
80375
82393
89803
106176
107713
111805
137353
154536
162512
176552
199351
204518
212255
228470
234154
235089
237151
257257
276683
280104
285765
304509
329594
342152
345644
351998
352317
370350
372503
386131
399898
413422
420681
422990
424533
446930
462380
473911
480031
513681
516947
519200
522944
538492
543233
573492
578231
580151
583298
592108
610392
616604
618270
621898
624173
624460
625048
625712
661379
663236
676726
678970
679594
679627
688955
703890
709185
737891
738733
745951
754298
756259
760943
771848
781740
799327
844974
851364
856928
859914
860348
864433
865485
874432
878928
891697
908642
910618
914891
921436
939567
941452
955833
957979
976407
991897
994364
994927
998266
1036757
1037667
1041936
1051993
1053938
1076473
1077480
1089935
1101804
1112134
1113395
1121486
1135590
1139883
1143965
1146090
1165594
1170513
1202086
1203965
1222909
1223044
1224197
1249259
1255582
1267496
1274210
1292336
1304594
1315367
1329302
1339177
1358993
1366208
1372076
1375023
1383462
1412976
1432634
1443113
1449218
1450971
1468782
1474770
1485498
1500457
1511556
1518862
1529531
1536638
1538694
1541850
1549600
1555934
1570082
1571968
1572382
1574268
1584988
1587771
1588897
1597814
1604635
1621502
1639348
1642624
1647968
1667267
1677146
1684211
1692199
1698182
1725858
1730109
1736643
1740172
1742264
1761220
1767124
1778613
1786895
1788292
1793796
1809799
1810733
1813160
1820527
1825429
1828943
1844777
1845621
1871830
1872945
1909763
1912127
1931396
1935649
1950605
1955315
1955510
1966573
1978759
1983795
1994552
2004329
2008645
2009036
2015446
2025202
2052667
2057218
2070846
2085512
2099258
2127618
2141043
2143400
2154577
2168054
2174317
2195286
2200600
2216131
2224039
2229593
2229780
2232539
2262933
2268543
2271043
2277604
2285501
2296060
2299387
2317834
2396348
2404007
2424159
2430619
2445803
2450070
2455520
2461716
2462018
2465809
2482086
2497844
2498491
2499061
2500884
2513376
2517894
2524598
2528656
2535050
2535681
2564656
2572105
2572589
2601153
2622837
2633399
2664827
2679126
2690042
2694207
2699879
2706169
2726318
2734209
2741973
2745624
2766539
2768053
2772514
2773590
2783674
2803387
2814411
2816306
2816357
2824315
2827284
2840735
2848325
2866258
2869813
2873929
2882817
2885740
2892606
2896027
2908444
2914474
2918572
2923063
2937230
2943066
2961611
2996375
2998389
3009573
3018700
3024708
3027212
3030037
3036035
3045148
3045149
3046776
3047935
3061901
3063464
3066817
3069668
3092558
3105399
3109180
3124328
3126432
3146583
3152767
3159796
3162869
3182954
3192400
3198894
3201922
3247878
3265048
3272475
3282278
3287896
3298330
3299059
3307218
3313990
3325301
3326650
3326993
3331838
3335769
3346932
3347757
3348425
3352992
3388407
3399529
3421642
3424822
3438703
3442414
3460257
3464733
3474977
3477363
3488297
3492134
3504683
3518774
3526536
3542384
3550360
3559417
3577354
3586032
3612772
3616854
3623451
3631416
3631729
3640157
3643419
3651913
3694456
3702445
3703705
3761548
3792262
3795473
3803533
3814205
3823826
3825256
3831403
3832596
3844813
3857710
3860810
3877274
3903089
3908423
3912535
3919215
3919391
3928191
3936763
3952456
3956989
3964929
3969130
3981866
3991715
4015284
4016643
4027765
4034670
4041409
4044176
4047208
4048049
4054532
4113923
4136053
4137720
4145509
4164330
4166027
4199402
4206197
4226538
4230137
4233555
4268915
4270033
4270736
4276702
4295151
4318145
4329184
4344311
4344457
4348854
4362682
4368125
4371487
4373005
4376659
4403688
4412767
4420815
4443944
4445182
4454920
4467950
4473509
4475637
4495656
4498614
4510711
4516648
4520845
4526844
4527875
4528072
4543959
4550057
4561070
4567890
4571781
4572949
4573851
4576372
4594012
4611110
4613468
4618918
4627395
4634750
4635131
4635344
4635633
4641242
4647993
4669829
4670376
4671424
4683608
4689842
4691255
4694731
4696180
4706141
4743056
4765399
4765748
4775240
4780030
4793174
4814115
4827746
4831373
4839694
4846898
4848353
4859110
4883846
4889885
4894529
4906307
4938514
4945160
4949296
4973946
4974024
4977115
4993952
5014139
5021750
5035644
5045907
5061746
5064089
5091718
5099409
5148950
5151022
5156281
5176989
5181043
5182758
5199939
5201268
5211724
5213202
5218606
5225271
5233356
5235787
5260697
5261401
5269997
5300098
5308221
5311780
5336905
5353252
5374571
5390463
5394229
5402888
5422920
5458116
5473963
5476735
5489915
5523719
5529199
5540484
5543637
5565780
5571443
5580517
5597974
5599578
5600130
5602779
5608557
5619338
5633196
5637736
5648428
5663574
5674922
5700839
5711393
5719090
5719599
5738889
5755597
5763654
5770496
5785340
5791622
5795505
5799928
5803437
5804978
5806830
5811941
5819011
5820015
5825995
5826947
5829167
5857274
5862618
5864818
5877853
5881289
5892994
5904659
5909361
5932781
5959684
5966025
5967916
5972722
6004249
6015668
6023731
6030706
6047756
6088262
6101564
6102058
6102852
6109926
6122999
6131629
6149481
6161036
6166623
6167124
6170797
6175541
6182993
6211261
6216520
6217985
6274832
6274902
6289321
6303558
6307230
6321408
6329434
6330104
6338115
6352063
6358596
6376391
6390177
6409634
6436244
6449518
6452995
6454567
6454916
6457880
6480016
6487501
6488942
6500089
6504021
6513970
6532347
6533493
6542299
6562073
6567234
6568341
6583239
6588513
6593609
6594342
6618244
6620384
6653840
6655279
6682863
6687033
6698436
6703697
6704755
6709381
6709789
6755692
6756128
6778468
6778996
6788337
6797151
6805001
6808090
6816757
6818790
6823503
6825222
6837262
6840517
6863405
6871382
6883078
6898027
6906616
6908037
6914857
6916176
6924550
6925305
6927706
6928843
6937003
6951557
6952756
6954590
6966895
6995126
7007050
7007060
7007562
7015346
7024176
7026763
7029399
7037075
7038161
7039745
7043759
7044268
7055712
7078027
7080544
7082030
7085369
7091142
7102439
7106327
7135108
7139356
7152457
7157307
7157521
7174992
7196863
7199030
7212077
7215546
7223412
7227028
7253521
7259756
7272634
7285767
7295114
7300487
7309535
7311324
7351409
7355943
7359879
7365722
7385126
7410051
7412105
7434607
7465173
7468934
7515537
7519594
7531954
7548720
7557601
7568082
7568673
7592847
7618193
7639743
7649616
7705560
7709016
7715217
7735473
7736115
7745383
7763979
7768461
7771113
7798323
7803859
7804082
7806385
7817580
7824937
7828889
7837368
7861114
7863524
7863578
7872195
7884436
7889274
7896383
7897391
7904113
7914015
7916154
7951502
7959625
7973089
7983351
7996087
8019217
8026685
8050256
8055450
8057669
8066535
8074242
8099065
8101451
8105207
8105427
8118524
8136194
8141806
8152915
8153012
8153816
8160374
8160824
8185068
8187515
8190884
8192753
8224750
8237613
8251840
8252644
8256157
8270462
8273310
8278296
8296155
8304019
8305299
8313326
8317427
8319008
8330498
8339317
8366856
8367003
8374478
8394968
8400990
8427041
8449005
8464176
8469924
8493280
8505589
8519301
8522078
8524656
8527320
8530513
8531555
8537932
8539980
8541070
8561428
8573707
8576354
8585917
8588038
8599392
8613596
8627060
8633836
8637572
8651601
8663972
8675883
8684415
8700824
8718309
8723303
8738996
8751193
8752923
8761408
8766588
8766605
8797715
8804922
8811363
8823865
8837846
8837968
8851204
8852872
8855118
8868277
8873340
8874486
8879857
8896063
8913564
8915006
8918610
8920951
8931150
8933000
8949143
8960254
8967908
8977205
8981581
8983677
8990987
8995874
9020911
9025479
9051889
9081996
9094563
9096864
9099092
9101182
9144073
9150708
9153002
9159938
9175574
9176918
9178442
9179811
9191031
9191486
9194958
9197821
9213189
9216464
9225880
9229180
9272743
9275381
9282320
9282572
9289061
9296864
9323819
9359239
9381807
9386247
9390925
9397115
9416082
9442611
9448486
9455558
9461718
9478626
9483984
9492060
9494281
9495740
9498074
9513220
9515268
9517111
9521253
9525448
9534573
9542235
9565437
9572514
9577595
9589950
9595718
9596485
9599795
9604563
9605032
9626681
9645396
9662155
9666189
9669331
9695549
9716782
9762209
9762812
9766860
9767113
9802283
9807632
9814972
9834791
9837129
9857995
9861129
9867011
9873514
9910882
9932872
9958743
9967451
9974448
9976236
9990592
