12532
18437
23882
29377
31378
46876
54765
71435
91299
92719
121892
140253
154590
160913
160936
164742
167070
168180
183492
219502
241184
252893
284054
304709
321029
325410
334993
343257
356596
359611
387329
404928
410498
417948
450153
466117
474567
487012
501459
530461
541614
544975
576888
577519
579680
581164
590321
595181
595754
605446
606265
607234
613624
617128
617683
629981
636395
649988
656160
661242
684979
695714
699124
712815
722270
754255
763457
764872
767978
773644
778660
791952
798348
798511
811573
812402
824762
841094
880200
912810
913807
922458
934264
940817
944946
946831
952625
959980
963892
970311
972514
979135
980386
981358
1012157
1023077
1029882
1048134
1048784
1050216
1065677
1074567
1085191
1089341
1090577
1097697
1110411
1111314
1151161
1172095
1182878
1194374
1210721
1211648
1212560
1219162
1234031
1251638
1252503
1258753
1264937
1284074
1288211
1294655
1309861
1332992
1336735
1337202
1380127
1403743
1414829
1421335
1426801
1433391
1441144
1441534
1449700
1491162
1527930
1533475
1538247
1538537
1544280
1546926
1558868
1567508
1573578
1583451
1589402
1601567
1608484
1614736
1639985
1642349
1652524
1658358
1661404
1662138
1664385
1674327
1689330
1702506
1705471
1730916
1738859
1739097
1747265
1753829
1754604
1756631
1769477
1796790
1810267
1815123
1815999
1837024
1842003
1894837
1903782
1907060
1920536
1921468
1934383
1938803
1942615
1955688
1961550
1967781
1978268
1980503
1993475
1998715
2003944
2005923
2008332
2052932
2059191
2061029
2061729
2064532
2074399
2087232
2093956
2095834
2117781
2123900
2124582
2124816
2144883
2166076
2172447
2185684
2188348
2189031
2198618
2220093
2223313
2231807
2241043
2254636
2258086
2268853
2269973
2288281
2290881
2294455
2302150
2308316
2321404
2333665
2341165
2352242
2357921
2359778
2400829
2407312
2417053
2429567
2441212
2441808
2458898
2484750
2485784
2500059
2520037
2525884
2553717
2554748
2554756
2577117
2578628
2586505
2595640
2596390
2605838
2616636
2631813
2632737
2633934
2639565
2690037
2711722
2714546
2736722
2742623
2748099
2748197
2767298
2773590
2773865
2783159
2785763
2799189
2804225
2805151
2808370
2809836
2857650
2879951
2883365
2884326
2914905
2936195
2942887
2943160
2956479
2966837
2969982
2984612
2993597
2997725
3000054
3000237
3001503
3006253
3020714
3023875
3027213
3030205
3043345
3076817
3079210
3091494
3116967
3129655
3159937
3161276
3172677
3176715
3183649
3188594
3210785
3212466
3247618
3263797
3264584
3269219
3293960
3299713
3323649
3326092
3330688
3331905
3344989
3355905
3383100
3390462
3417133
3423832
3427934
3431678
3439007
3439520
3439713
3446588
3456742
3459224
3468333
3475167
3478055
3481977
3485932
3493286
3493821
3495188
3497919
3506765
3519302
3521335
3525639
3532556
3536259
3539049
3552609
3574926
3602717
3623546
3626762
3635326
3661332
3663594
3670527
3676362
3696695
3712813
3732800
3747023
3756351
3761803
3766646
3792881
3802289
3804199
3805925
3806713
3811798
3830782
3833710
3859213
3866115
3871115
3880965
3907797
3909564
3911197
3929113
3946748
3970815
3977778
3978192
3995946
3998181
3998795
4008028
4025954
4030974
4033609
4034920
4053203
4060373
4068376
4068610
4093405
4112797
4115395
4116013
4116468
4122167
4124860
4134309
4142478
4161665
4169654
4189876
4190543
4191133
4211817
4232358
4259205
4265700
4284290
4294734
4313192
4326438
4327441
4337915
4340200
4347487
4358549
4364118
4371246
4376735
4380432
4382628
4385757
4392191
4393028
4405001
4429248
4440194
4442210
4444657
4454724
4462836
4467213
4468989
4470550
4479984
4515098
4532743
4549033
4566985
4595371
4597144
4601092
4608106
4633281
4659172
4663822
4664895
4665949
4670771
4671813
4684069
4707839
4718650
4722703
4735089
4740264
4747352
4751713
4753500
4786707
4793182
4798840
4815069
4817244
4823796
4827770
4831963
4849710
4855022
4857546
4859607
4888714
4895673
4907449
4920065
4926221
4964999
4966401
4983626
4993966
5005616
5013161
5020131
5021687
5041473
5054452
5060280
5062604
5063977
5065511
5066325
5070005
5071680
5076006
5093257
5110902
5111839
5115175
5123832
5123982
5133434
5141787
5166060
5180087
5181668
5191141
5191590
5196658
5222654
5254289
5254530
5258565
5262956
5263518
5265718
5266913
5289445
5338393
5363873
5369014
5381935
5386475
5395068
5399558
5404319
5410281
5421432
5437345
5438394
5442916
5453073
5456646
5469563
5471159
5477840
5481886
5487473
5492407
5492679
5494389
5506411
5514137
5514297
5525330
5527754
5529931
5530376
5540034
5558216
5564050
5581396
5586973
5592297
5611550
5614431
5628253
5634144
5634661
5652980
5661750
5662758
5669300
5689266
5719583
5722565
5736221
5744233
5751351
5820795
5835818
5843303
5852001
5861279
5881115
5891607
5910225
5913365
5917578
5920270
5921126
5940904
5946203
5966568
5973090
5981892
6012938
6023590
6042546
6048069
6054541
6062667
6096169
6097240
6113786
6132471
6158983
6182590
6199858
6211486
6214175
6217532
6227705
6230778
6233590
6245362
6258319
6268706
6301673
6309083
6314342
6361152
6363840
6377519
6390971
6396140
6402270
6415971
6421419
6421875
6422344
6444307
6469319
6484011
6504577
6516583
6523004
6528763
6529851
6549821
6565602
6576500
6581344
6582697
6599616
6614859
6618772
6628663
6634599
6635486
6644145
6647486
6651143
6658808
6681743
6697264
6704371
6714236
6720211
6723562
6726486
6732824
6736597
6744717
6749159
6751934
6755852
6775889
6778534
6819072
6825198
6836785
6845212
6854458
6862576
6870287
6871993
6901345
6912812
6921083
6939801
6951262
6965850
6986993
6988717
6999314
7027753
7030133
7038125
7040595
7058394
7082488
7100097
7117001
7124332
7129202
7134107
7145814
7162179
7180994
7211028
7214855
7215377
7215864
7229031
7245867
7252326
7277152
7316561
7323477
7345738
7372618
7377738
7392112
7400092
7416039
7441960
7447829
7459807
7469827
7505826
7508143
7515650
7516665
7544657
7547524
7590891
7594485
7619535
7622823
7632856
7652453
7657562
7680401
7692452
7695344
7712992
7738358
7750153
7754944
7758099
7760637
7768569
7777999
7783421
7794195
7807284
7810693
7818804
7851718
7862580
7877166
7877891
7880272
7881526
7885771
7892850
7904322
7909437
7909895
7947807
7972565
7973689
7979309
8009921
8016571
8030550
8037023
8047661
8051962
8052970
8055395
8063432
8074823
8093530
8116522
8119946
8124650
8136561
8157878
8161840
8173871
8178180
8184085
8197637
8199380
8212626
8214653
8221941
8232656
8235830
8241806
8247004
8248669
8255025
8265108
8281060
8289640
8302040
8304513
8310913
8327252
8330622
8334526
8339662
8351164
8362241
8368040
8375195
8384058
8389623
8390885
8402298
8404196
8408481
8411517
8438709
8450359
8456700
8463403
8464028
8471747
8477713
8493932
8494158
8500303
8513357
8517761
8529707
8535135
8549006
8555569
8559420
8577130
8585174
8594695
8602958
8612193
8616980
8644132
8646118
8658369
8676126
8686495
8696027
8697913
8700334
8715669
8718364
8733372
8741923
8756894
8763411
8772299
8807964
8813515
8821582
8826242
8828383
8847184
8850175
8887090
8887426
8898688
8906832
8916538
8926236
8933933
8934857
8948609
8950138
8953738
8974061
8977820
8987249
8999014
9003524
9003999
9008835
9008838
9012816
9042116
9054147
9064138
9071075
9072592
9075013
9076550
9082399
9091829
9092475
9099060
9102664
9118837
9120969
9122768
9125755
9126990
9131542
9135849
9137474
9138755
9139164
9140884
9145555
9151508
9152151
9165647
9171887
9187838
9207418
9216799
9219484
9235350
9239630
9283558
9301683
9307732
9331658
9337500
9358471
9365368
9370644
9376842
9401913
9407930
9410310
9442359
9446103
9467091
9483633
9494367
9495410
9495534
9501043
9501806
9506406
9509888
9513232
9520106
9527082
9535799
9540529
9541201
9541224
9544037
9547331
9573038
9578474
9579063
9583399
9583655
9585178
9599833
9611958
9612237
9614647
9619817
9644644
9656522
9676210
9678102
9678160
9681551
9689888
9693527
9707100
9717581
9722148
9723368
9723785
9731593
9745280
9746319
9750797
9754939
9768286
9774617
9780667
9783044
9785534
9788734
9796545
9799549
9803907
9838231
9849740
9856958
9864421
9864583
9865788
9869987
9888645
9940161
9960854
9966652
9990993
9999178
