3742
7809
21897
29036
42254
42441
44969
51798
60837
67178
73252
88993
111854
114303
115180
123323
125995
166565
175047
176681
182953
188728
193453
210113
218377
223507
248655
279219
282148
291634
297188
304330
322287
327807
337015
341631
348918
368397
381901
406690
414498
423668
435807
436971
437006
443035
464282
470992
485656
490397
512736
527777
532158
532561
537661
539014
542545
542605
550028
565999
569153
620707
622204
624248
625859
629162
633993
635383
641401
646073
649342
656806
674171
679022
688276
689446
704765
713348
718587
732121
734346
737381
741701
746223
785598
786089
790284
795194
799964
805557
818543
819946
824661
848986
870970
879479
888317
911210
918706
921107
937441
939020
945954
967733
975101
975985
976826
982781
1008606
1016016
1018698
1030281
1065084
1074884
1074892
1079941
1085585
1087532
1104998
1107316
1114686
1118919
1121444
1124059
1124775
1125706
1144215
1144555
1157246
1159775
1176560
1183198
1183975
1195939
1197329
1209988
1231867
1247408
1258654
1259152
1262994
1267006
1278047
1281438
1283254
1305849
1320226
1330206
1334020
1354772
1358012
1360748
1367160
1370358
1383254
1385257
1394677
1408302
1432668
1438258
1448706
1450117
1461517
1465625
1466816
1477359
1493660
1512000
1526037
1532973
1570889
1578295
1582975
1586436
1586756
1592494
1603061
1619127
1628939
1663944
1672411
1679862
1680290
1704776
1715283
1735268
1754271
1756574
1768710
1792045
1805054
1818148
1829201
1841753
1849955
1872392
1872771
1879862
1898783
1911400
1912746
1963453
1970581
1985842
2004922
2007808
2012474
2012912
2016001
2019521
2022646
2031619
2034343
2034785
2035053
2035275
2045233
2052648
2060289
2082770
2104804
2144019
2159825
2183740
2185467
2188306
2189616
2191845
2202836
2206373
2254197
2255466
2255480
2262460
2265402
2286159
2308375
2316372
2323421
2334062
2342107
2345419
2351584
2364828
2374109
2398425
2399925
2404251
2422762
2459012
2485627
2505599
2511683
2512935
2513006
2521893
2524791
2528705
2539634
2551430
2571308
2580198
2585895
2592561
2599632
2600130
2606946
2629002
2635771
2637639
2644291
2666961
2672439
2676717
2693699
2709606
2710789
2719783
2720213
2752861
2755331
2759925
2760129
2771325
2776427
2778175
2789528
2803355
2820133
2823189
2855219
2885424
2891619
2899329
2922072
2956747
2971564
2972503
2986420
2988474
2996250
2996508
3012338
3015099
3024177
3038039
3049516
3053288
3063105
3070842
3074778
3076746
3098322
3112087
3156442
3185326
3196213
3208888
3211245
3224218
3247053
3251302
3266044
3271979
3278869
3282791
3285108
3308961
3322686
3341125
3343499
3348396
3348495
3359890
3366817
3387455
3397663
3402926
3408561
3444474
3448473
3457588
3472069
3476027
3479200
3506390
3509094
3512525
3521547
3541260
3558163
3583244
3583971
3586775
3601775
3603624
3603760
3610899
3623811
3640262
3655617
3667963
3674813
3677128
3681352
3705603
3718256
3721581
3721897
3739344
3739855
3741025
3791893
3803501
3805512
3828461
3846412
3854294
3856242
3872393
3876156
3883860
3904547
3906217
3913277
3918675
3920738
3932469
3933320
3936231
3947520
3991041
4010920
4014891
4020406
4030662
4038414
4039128
4043102
4054396
4062079
4090311
4123412
4128055
4131648
4143684
4145288
4211034
4216958
4218930
4224761
4228718
4244012
4244969
4260914
4271454
4287406
4320068
4330169
4334074
4351392
4372839
4379560
4383450
4389218
4390308
4390541
4417198
4426784
4428933
4443990
4459783
4481944
4489942
4490845
4494099
4498834
4499214
4516303
4533447
4534932
4535670
4548806
4553101
4557197
4557855
4562240
4563065
4566754
4567655
4590941
4593512
4593974
4594415
4601484
4605701
4606033
4652890
4662654
4688870
4692810
4718060
4724025
4732723
4737988
4740196
4753840
4759474
4759696
4764438
4770212
4782745
4793446
4794821
4802528
4808351
4812355
4814047
4850244
4868184
4925079
4952313
4962090
4973276
4984396
5001461
5003473
5007793
5035639
5037716
5044951
5046648
5053304
5059914
5089319
5100939
5105813
5110158
5120068
5123061
5127578
5140731
5143466
5163551
5163697
5171427
5178235
5193447
5203844
5210788
5212640
5213672
5214908
5216406
5224426
5266650
5289980
5297170
5315757
5316256
5337392
5340772
5341532
5342572
5357950
5381088
5383634
5388627
5404041
5407044
5415671
5446597
5452424
5454704
5467615
5478598
5489162
5491224
5494824
5496749
5503710
5524386
5524985
5528047
5534245
5540908
5545383
5556666
5562041
5567520
5601397
5664181
5664942
5694318
5729167
5738306
5748322
5800694
5804421
5811771
5824190
5851921
5853078
5884081
5892266
5896891
5909090
5911810
5912956
5921948
5939632
5942581
5953085
5956818
5959297
5984394
5993044
6005411
6009513
6020904
6029978
6035615
6039790
6042501
6054042
6064066
6064823
6073670
6074915
6091446
6098931
6112910
6130721
6133286
6142049
6158676
6162367
6163999
6171859
6178169
6179779
6185543
6203184
6257229
6269827
6286360
6289204
6296100
6304419
6309824
6322660
6328743
6329849
6332053
6351833
6352926
6356046
6356585
6357335
6379673
6386165
6390270
6401779
6402416
6412523
6413766
6417823
6418054
6452937
6460583
6464421
6470425
6472645
6482603
6484547
6499555
6515614
6520241
6520371
6525657
6529058
6535778
6543188
6583216
6592471
6597557
6600437
6602960
6616142
6625338
6632724
6681949
6691901
6700790
6705827
6708203
6724790
6727330
6759977
6771227
6779582
6789660
6794376
6797526
6801560
6803359
6809373
6811386
6811420
6812937
6838803
6846856
6849969
6856746
6864875
6905213
6906402
6910286
6912172
6931431
6950794
6963804
6970040
6970049
6972373
6973074
6973288
6973711
6983634
6987958
7002996
7004676
7008452
7008638
7020475
7021613
7025360
7059229
7069428
7081462
7108221
7109672
7110510
7111988
7115434
7120837
7121808
7126416
7142866
7154287
7165333
7169138
7171418
7184219
7190474
7194566
7198171
7204521
7214936
7222712
7225208
7232203
7257810
7261653
7269985
7271666
7287954
7289647
7290633
7294974
7295411
7297390
7302585
7310116
7318601
7325013
7333809
7338444
7340832
7346371
7359206
7362798
7367548
7386223
7414371
7420639
7439049
7468031
7481499
7482343
7482862
7488174
7492165
7492727
7532840
7548511
7550822
7552392
7570534
7571366
7574956
7583318
7588383
7597074
7608345
7611813
7614877
7621718
7635640
7650643
7669397
7673130
7689694
7691433
7692729
7700538
7701025
7703025
7707965
7721265
7721410
7730706
7741313
7745299
7760418
7777869
7783597
7824104
7826049
7854032
7863093
7891020
7932657
7933665
7939647
7952684
7990796
7993292
7997296
8009380
8018296
8020306
8030436
8033020
8052920
8056340
8075876
8097596
8110838
8113973
8134883
8137443
8162387
8175271
8175799
8189892
8192668
8197211
8200341
8210059
8222784
8280940
8283652
8285170
8288080
8291880
8312141
8329434
8334090
8339258
8341557
8360312
8388275
8406801
8413553
8414453
8423655
8437938
8451658
8464853
8477540
8478742
8503703
8509256
8528560
8540509
8577838
8581180
8585193
8603580
8605143
8628519
8641173
8647085
8650911
8668533
8672547
8681766
8684695
8688323
8691850
8708495
8708639
8724514
8770569
8775006
8785939
8790009
8804805
8804840
8805698
8811068
8818405
8868030
8894201
8897624
8932190
8943121
8965659
8966925
8969811
8983846
8990583
8993904
8997849
9006672
9024662
9029975
9053836
9059115
9059120
9071796
9080716
9100627
9102785
9110732
9115347
9128394
9132091
9144119
9146266
9153618
9155961
9159533
9165243
9169619
9171801
9184615
9203611
9215542
9221126
9228630
9234232
9235698
9245162
9259606
9262333
9267890
9278317
9290448
9291404
9306317
9315633
9316745
9319081
9320486
9326302
9332760
9335885
9340665
9351054
9364721
9366868
9367364
9370228
9375567
9391816
9395877
9396894
9418544
9423092
9433966
9448836
9451584
9471183
9484606
9489722
9495715
9501188
9513914
9524400
9552905
9555499
9565813
9571509
9572444
9611286
9612053
9617886
9629416
9644651
9647028
9651533
9655057
9660229
9664756
9667225
9680881
9682693
9695055
9696982
9699449
9703460
9724150
9733246
9740332
9740566
9745939
9750056
9751192
9800872
9805776
9812111
9830165
9841462
9848877
9851441
9861993
9866466
9888958
9894458
9897414
9904926
9907364
9914030
9934658
9945761
9980727
9985144
9996978
