14285
30938
52254
73716
87035
93245
107547
107800
143421
176985
177699
183394
187052
191009
196913
208262
224442
225904
229688
231605
246190
250158
261896
273318
293219
297822
299006
301900
311315
331246
331875
338343
341641
343819
351625
352969
353452
353871
359561
381623
384212
389400
399847
401324
412568
424022
428092
435103
455430
461730
471524
477085
478048
493943
506596
529114
531672
538273
561351
569424
571009
572309
576786
577487
582110
592379
602970
615900
619491
628739
636830
675107
702249
714558
732073
732104
754269
761877
780953
795142
797041
814191
816813
822386
826262
828758
843221
843928
852660
868534
874544
887677
899361
901801
902490
930694
944805
953553
954496
961377
964588
981852
997447
1000491
1007537
1020481
1033396
1045839
1053687
1056948
1091596
1098420
1106597
1120537
1142673
1163690
1176622
1204127
1239523
1251860
1259741
1260721
1261481
1268435
1277165
1291333
1300928
1312873
1323665
1323803
1354717
1378867
1397804
1409782
1417066
1434655
1435197
1438104
1466950
1476589
1480919
1483514
1489536
1502345
1503232
1506666
1513095
1518231
1522234
1528299
1531856
1536194
1538660
1541500
1554568
1558875
1560284
1566253
1568750
1576428
1581858
1593251
1594498
1600175
1601897
1605700
1613016
1628614
1631063
1637460
1670197
1674385
1676805
1686300
1701272
1701904
1720869
1721602
1726086
1738409
1749039
1781602
1788371
1793855
1797880
1801564
1814486
1831674
1838577
1855210
1865363
1877417
1890974
1897505
1909994
1927791
1935792
1942193
1963962
2005123
2005547
2050784
2056467
2059304
2060565
2062552
2070099
2084106
2085502
2102199
2104858
2107371
2110135
2116336
2124290
2128066
2131114
2146219
2157893
2168785
2176679
2177675
2180802
2190530
2192523
2208761
2231002
2246042
2246368
2258072
2259052
2264541
2266085
2288255
2291453
2320213
2324762
2329418
2331293
2342144
2346976
2371331
2387980
2402410
2405639
2412624
2433271
2441029
2441556
2444525
2447721
2449192
2459958
2483612
2496204
2507387
2524124
2535098
2538704
2552832
2555550
2560349
2577752
2582726
2585648
2587825
2588170
2593719
2602074
2622056
2629357
2635631
2643009
2673098
2674037
2683619
2685524
2700660
2707370
2720330
2732571
2735993
2738440
2744459
2744794
2749208
2751036
2755987
2774238
2797866
2822904
2832372
2838460
2839243
2846012
2860503
2864738
2868501
2880725
2885182
2887042
2888980
2911463
2918608
2921038
2928574
2940329
2958169
2971984
3002731
3007336
3021150
3021548
3060737
3062115
3082510
3085209
3108148
3120990
3136479
3150502
3154706
3158083
3160487
3167446
3169795
3191023
3197799
3204865
3212498
3228193
3229504
3235653
3242148
3257017
3262661
3274805
3275272
3283547
3288862
3288992
3290618
3301258
3312661
3326892
3327237
3330898
3353141
3373978
3378290
3386154
3389324
3401460
3411269
3425039
3429650
3433259
3437104
3446816
3447486
3455338
3470268
3481432
3493904
3506667
3532479
3537616
3551367
3571864
3572353
3588196
3588469
3608201
3614628
3618890
3709923
3722847
3734942
3745311
3763624
3763663
3763671
3767486
3770326
3774717
3776075
3810858
3814455
3818197
3822571
3873667
3881087
3896905
3917652
3920313
3930033
3938254
3946528
3949175
3950031
3967084
3969242
3970117
3995758
4002698
4013541
4014144
4025582
4027875
4029568
4035445
4038570
4038973
4050487
4060075
4066840
4071669
4075598
4076631
4077891
4083867
4101510
4110736
4116476
4129910
4134881
4134919
4138273
4145287
4175673
4201338
4209992
4236416
4253030
4254470
4269918
4270264
4275407
4284773
4285832
4289964
4297297
4320266
4336463
4337129
4346360
4355320
4358313
4360098
4368542
4372138
4415013
4422595
4437801
4440662
4441947
4447068
4458162
4464054
4477944
4494322
4500854
4506521
4532993
4533364
4535603
4547250
4566241
4572234
4587684
4589828
4596582
4609415
4622861
4623353
4636254
4646789
4671483
4674564
4684627
4710406
4711610
4718872
4726724
4726781
4734719
4747679
4758019
4759506
4765818
4778487
4778908
4784068
4793412
4796449
4818722
4821875
4830427
4832252
4833382
4849091
4851876
4853117
4874714
4875635
4892984
4915301
4936410
4947451
4950379
4975779
4991173
5008155
5012457
5021650
5029311
5039895
5051828
5065691
5069796
5075364
5096598
5106337
5118906
5127920
5137587
5175167
5175464
5197227
5200359
5202345
5216157
5236785
5254180
5257842
5258543
5276243
5306845
5318231
5324474
5330733
5330863
5331531
5340831
5344753
5345998
5357062
5363202
5376655
5385365
5390170
5394160
5396420
5410745
5431041
5431839
5438301
5442945
5457582
5467799
5485637
5487869
5508382
5543724
5550253
5565202
5587380
5591377
5599824
5607541
5609619
5639431
5675171
5676998
5681475
5687866
5687973
5694920
5709441
5713684
5733630
5737882
5750179
5753762
5788196
5799193
5801405
5806910
5824350
5830749
5833302
5833887
5856183
5866297
5877513
5879497
5889610
5900982
5921663
5930141
5958455
5959298
5966473
5970571
5975369
5989190
5992790
5995657
5999265
6004884
6005226
6019867
6048901
6081137
6087134
6093160
6096324
6106875
6116819
6120155
6123787
6129567
6130536
6147939
6151460
6154501
6161801
6163909
6170178
6173530
6178973
6201495
6208619
6209331
6233934
6248017
6259619
6259722
6266524
6274714
6278274
6290765
6302637
6323024
6329849
6336865
6355394
6434725
6446664
6448373
6450964
6451180
6452355
6466822
6468746
6480602
6481388
6483506
6492044
6509185
6512377
6530179
6533059
6535973
6548555
6556693
6567659
6570281
6574284
6585752
6592641
6596163
6615863
6626648
6659278
6662844
6669773
6690030
6692102
6696955
6708317
6710676
6711252
6713847
6714343
6728809
6730113
6731399
6738545
6758906
6759470
6771918
6775915
6800879
6811385
6819886
6821300
6824249
6825409
6828607
6848745
6852664
6871660
6877306
6879389
6886972
6899061
6918669
6922021
6927847
6940292
6945267
6946742
6965545
6977069
6980327
6985969
6992558
6996185
7003838
7014251
7017983
7031243
7033531
7058040
7060423
7063709
7085929
7102747
7105461
7126066
7127646
7132045
7160287
7161293
7167475
7167705
7187116
7197159
7198669
7200185
7206233
7209107
7235105
7237342
7245379
7270995
7279841
7282005
7293833
7302515
7303422
7306824
7311200
7374925
7392702
7420878
7421925
7425118
7427968
7432034
7439959
7441323
7443738
7465304
7480699
7484750
7485411
7494285
7497232
7511130
7527231
7532285
7546026
7556500
7562035
7575937
7588158
7596620
7624567
7642170
7702978
7703093
7707602
7708624
7732239
7734518
7758844
7761590
7770255
7785205
7785930
7787884
7801245
7808147
7823243
7828314
7836108
7856094
7862182
7869789
7885591
7890696
7894722
7899552
7906140
7919463
7928729
7942161
7944077
7946115
7953673
7954231
7954663
7959399
7963889
7964157
7965167
7968644
7974166
7997855
8004343
8005127
8013210
8017303
8020562
8025592
8028578
8029916
8033096
8038757
8102560
8103348
8108252
8159315
8187922
8195035
8214356
8215309
8225067
8227796
8236863
8241878
8246502
8248610
8252275
8253606
8259005
8266296
8273504
8285382
8290110
8305842
8313765
8321021
8336175
8349336
8352174
8380737
8385032
8413785
8422506
8454931
8469646
8526476
8530099
8533241
8550552
8553812
8556838
8565128
8585746
8598017
8614337
8626802
8631594
8637449
8658848
8663080
8663504
8667594
8681156
8689472
8691170
8702446
8705368
8710471
8714603
8739995
8741391
8749791
8751883
8757347
8757352
8760454
8774961
8820611
8826739
8841451
8854053
8856114
8890807
8907666
8913620
8919568
8948217
8953139
8970996
8974875
8995976
9009129
9011633
9060767
9060804
9081109
9088517
9096405
9099318
9109092
9121030
9127245
9145623
9164124
9173718
9174765
9183132
9185083
9185115
9185815
9191837
9210339
9214116
9219812
9224786
9232756
9233149
9255785
9272973
9273738
9277939
9279633
9295364
9308124
9327296
9332940
9341885
9344690
9344852
9358850
9365185
9384579
9402314
9416432
9423771
9434361
9460851
9463612
9519094
9521933
9523370
9533812
9542235
9549746
9561441
9579457
9628719
9629133
9643886
9656817
9662250
9664817
9667825
9669232
9683288
9734757
9759340
9762356
9768584
9777752
9778217
9812486
9817176
9819103
9819282
9827409
9831914
9835214
9841911
9842307
9843997
9847137
9900509
9911258
9919503
9923178
9939379
9945744
9966359
9970385
9992671
