1471
15621
20008
25755
31395
33185
43748
77013
77482
79629
88429
95571
99753
120087
132723
142154
158720
163226
174646
181768
209665
216935
246333
248307
255367
257700
266611
268927
274487
277566
303323
308037
308625
316733
338566
346782
375134
376842
385996
410234
410375
418076
439844
450125
450981
456044
458286
499441
508061
509342
518338
522285
526813
535971
545770
564149
573354
574711
580416
621788
621989
626171
628040
633211
637958
654545
657635
672365
675412
675476
679378
715992
722808
741064
742035
744512
772592
784208
785653
804902
811299
812418
817350
822757
829662
834039
836363
851495
862528
872128
873066
890517
895128
908120
910905
917054
923320
927358
948224
958678
971124
1005653
1016610
1017553
1019491
1022723
1029848
1035008
1037459
1040100
1074961
1088508
1091781
1095364
1105506
1110640
1139710
1152664
1172372
1178801
1204812
1210783
1213479
1218898
1220807
1229320
1237259
1240313
1265481
1271385
1273089
1281536
1284132
1284471
1296575
1305884
1306781
1322568
1327958
1332238
1336235
1336737
1340221
1350739
1355765
1357723
1364587
1366887
1368210
1386558
1400220
1407833
1415749
1422688
1431676
1433381
1464306
1484282
1490455
1517529
1540506
1541939
1547718
1564752
1568572
1569867
1603398
1614375
1614826
1623282
1635816
1648477
1661613
1664669
1676998
1685931
1695966
1702647
1710511
1717384
1733664
1741969
1751191
1752618
1759529
1772352
1795291
1806118
1830055
1830628
1842507
1844401
1845036
1909707
1909882
1919476
1929983
1944833
1987602
1993068
1997838
2009982
2047173
2057782
2079174
2102864
2111735
2118588
2132310
2138629
2142113
2142595
2146744
2164590
2169639
2173320
2177112
2185039
2205062
2221688
2223720
2226349
2229129
2233971
2245688
2246015
2267461
2269725
2270914
2293317
2307304
2311140
2311591
2323580
2328003
2356170
2379175
2397953
2404720
2413695
2424216
2430249
2443361
2447510
2448633
2461466
2462818
2469395
2474821
2495735
2506395
2513208
2523552
2537110
2539076
2539415
2540554
2578040
2584663
2585288
2594412
2600088
2602610
2603198
2603836
2618221
2634770
2634987
2637022
2641810
2658391
2659789
2672134
2678114
2679580
2697079
2702985
2721535
2722701
2733901
2738074
2745986
2747644
2758836
2762184
2779981
2801137
2818630
2853955
2859340
2899689
2913219
2916569
2917682
2918026
2928585
2930172
2933352
2947285
2947501
2967033
2983038
3000578
3006297
3027556
3040767
3042773
3045562
3047770
3057410
3062450
3087117
3100456
3104492
3110477
3133061
3142540
3147840
3166312
3190904
3196154
3199748
3216265
3219945
3253598
3254615
3281095
3285630
3297320
3314267
3318807
3336914
3339062
3341468
3373575
3395499
3417780
3435308
3439802
3441714
3443943
3451919
3467315
3493699
3494947
3505209
3516438
3527809
3536784
3553178
3554188
3605468
3642535
3642746
3647595
3648223
3664926
3665800
3666019
3674029
3681582
3686083
3735787
3749353
3804522
3814266
3817498
3823917
3833322
3835684
3837113
3853634
3854516
3866349
3870663
3877299
3880663
3886415
3893683
3894066
3903957
3910701
3919345
3922928
3936361
3939873
3940093
3940375
3946942
3958144
4001815
4001971
4002311
4013083
4018564
4020566
4033936
4039281
4039371
4046287
4046463
4054828
4055907
4065029
4065256
4069079
4086983
4087566
4088205
4090513
4093340
4117111
4118087
4128336
4138470
4142966
4148307
4154298
4161215
4172931
4180157
4182078
4184736
4186786
4189422
4194637
4207027
4215793
4223729
4226018
4243618
4245020
4259355
4274004
4293101
4293627
4297721
4309957
4341104
4363976
4403835
4405923
4417253
4421493
4421691
4423894
4426940
4430113
4434221
4449510
4451556
4454813
4464600
4464637
4470235
4475677
4488365
4490849
4494738
4497547
4516441
4524413
4530614
4559211
4566844
4582623
4592806
4605467
4607621
4629262
4629837
4635144
4636225
4653452
4653757
4668833
4681143
4689902
4697322
4711295
4722693
4743922
4756186
4766715
4794073
4799872
4808459
4816995
4837803
4843344
4847584
4865851
4868244
4871079
4890596
4897444
4905187
4926375
4983228
4984213
4987906
4996082
4996122
4997982
5012454
5021271
5050393
5057241
5067606
5089927
5092136
5097644
5101103
5122019
5130616
5132790
5134315
5149251
5175798
5206151
5237386
5239288
5252140
5267255
5275033
5288749
5304487
5320398
5327308
5337798
5357373
5374161
5379278
5386653
5407876
5409043
5410962
5423699
5426044
5443676
5444183
5444348
5446049
5447762
5452014
5454741
5459260
5463808
5474153
5484162
5484561
5498906
5515014
5518586
5551642
5584612
5586446
5598888
5606401
5614591
5617727
5634115
5659259
5672736
5685663
5721139
5722200
5729407
5734793
5750354
5756788
5759646
5769785
5773375
5778416
5791714
5804858
5806071
5818104
5829340
5843674
5845509
5851245
5856899
5877013
5879913
5882314
5885892
5891123
5892788
5893035
5904023
5911428
5939000
5942022
5954241
5958376
5960847
5964612
5965979
5967927
5976637
5981417
5983166
5993046
6004871
6008703
6019696
6023794
6027535
6040303
6050489
6055080
6057187
6057953
6096059
6109469
6115004
6122968
6135276
6163482
6164193
6171528
6183163
6183623
6191449
6200407
6206340
6206496
6214790
6224993
6228541
6231812
6245744
6245860
6258198
6268757
6289105
6295329
6305968
6309299
6333856
6336811
6353149
6363442
6378536
6385014
6393176
6393863
6400594
6430032
6433970
6439346
6439969
6441170
6445145
6446407
6460391
6461906
6465687
6469343
6476025
6485601
6506160
6511237
6537820
6539014
6544337
6551559
6551859
6554813
6570856
6581563
6585781
6589223
6590279
6594472
6595832
6638380
6644952
6648321
6664417
6670444
6681454
6718736
6730931
6768483
6774653
6779955
6780975
6783931
6791746
6791887
6792701
6802345
6840539
6842538
6852738
6857058
6866119
6873228
6887856
6889941
6897324
6926859
6927969
6928658
6937371
6954207
6963428
6980140
6981113
7017980
7019540
7027082
7032962
7035926
7070531
7072890
7079634
7093593
7115185
7137969
7138805
7163879
7170968
7171518
7173288
7178081
7186995
7187855
7191389
7213931
7236472
7253925
7263597
7268947
7270419
7270421
7275016
7295730
7319123
7319731
7351228
7360954
7402685
7409266
7411722
7415616
7436013
7440791
7443780
7445073
7447639
7458981
7461622
7467260
7471606
7489151
7490467
7497860
7505332
7514752
7535903
7538981
7540372
7547073
7567713
7574906
7587097
7595973
7596584
7604403
7632322
7643117
7646992
7648270
7667705
7675577
7677441
7708186
7710939
7720502
7721036
7750867
7758795
7761256
7774522
7794342
7795174
7798360
7807613
7820685
7831666
7831696
7834265
7872382
7877304
7881304
7888024
7898679
7903547
7911427
7912781
7915992
7927843
7931754
7939459
7963741
7969806
7996690
8009978
8017583
8032580
8054724
8057734
8066364
8071030
8073792
8079701
8082028
8085400
8086735
8089253
8114593
8122670
8144238
8145449
8150781
8167123
8169534
8195432
8203568
8205319
8231229
8234822
8241100
8242118
8245895
8250945
8252787
8252841
8276839
8287159
8308370
8317744
8323182
8324427
8337352
8337481
8353279
8355503
8361047
8370254
8372266
8381758
8400968
8414573
8416648
8433112
8433692
8433795
8438870
8456143
8460380
8463281
8467938
8472366
8489423
8493525
8494411
8512192
8547758
8554688
8560788
8565620
8569669
8583337
8597189
8607525
8629593
8633536
8647143
8655070
8655873
8663955
8666151
8668905
8670400
8694346
8698712
8724507
8764194
8795549
8815058
8826156
8826521
8826684
8837100
8838520
8848197
8851646
8863791
8872693
8891578
8900370
8905159
8907746
8911569
8915120
8929507
8934607
8970774
8978594
8980556
9011867
9024495
9032958
9034784
9036181
9039913
9049363
9051307
9078165
9092957
9102686
9108698
9130961
9147874
9148784
9151576
9152403
9156685
9170007
9193556
9204536
9211370
9217896
9220357
9221493
9225875
9246772
9252581
9268690
9281136
9303686
9304552
9313721
9323691
9324441
9334191
9335885
9338647
9341748
9356114
9371569
9376584
9379779
9393700
9429466
9462492
9472466
9472810
9474907
9475590
9482816
9506045
9520156
9523584
9537131
9553304
9568202
9578199
9629223
9633979
9678015
9684893
9706896
9708305
9713561
9716109
9764557
9766415
9774174
9793802
9802270
9804444
9817507
9834790
9840709
9858639
9892813
9896045
9903662
9942199
9960174
9973953
9975642
9981964
9986353
