9676
11284
28673
35313
38794
43542
57375
65369
69702
88467
114248
115235
131097
135786
142073
160714
162148
168667
173593
175992
184010
195273
207399
221802
223466
228856
230311
254427
268820
273824
273989
278739
304206
310417
325094
343486
358810
360227
364234
384727
399252
403516
410075
431294
435785
440003
452179
456056
461320
463971
474230
501504
539739
540139
555232
560394
572660
591658
594673
597573
608014
611514
631008
636483
637616
643128
646332
648527
675128
680924
691752
698059
706854
710412
711676
717731
722757
724841
751399
753899
755017
797450
800692
803201
808459
814258
844971
851801
854090
867513
877031
891731
896192
914195
923526
939718
946243
951135
962532
964456
967495
980066
983361
1002547
1017026
1023359
1030075
1033904
1038770
1039434
1063483
1065764
1083554
1088927
1089144
1099398
1099783
1103930
1115234
1139835
1167640
1177688
1180222
1189311
1193772
1194879
1201984
1208777
1246688
1253652
1260425
1266304
1308075
1337970
1340571
1384279
1392955
1410388
1420000
1423117
1467754
1551093
1553952
1557619
1559105
1574913
1598775
1607116
1613341
1618353
1644724
1651289
1684883
1686379
1713803
1744946
1749687
1753100
1769042
1777172
1780452
1791718
1805412
1809193
1815277
1821193
1850672
1898393
1914964
1932233
1933193
1935857
1937193
1947359
1947769
1964707
1979235
1987447
1993154
1995057
2023271
2024332
2034086
2045791
2049682
2051476
2052834
2060239
2064095
2074718
2086969
2087038
2090525
2090771
2114667
2145148
2154338
2157307
2163752
2163955
2166089
2175180
2203140
2204256
2209642
2215466
2226214
2231411
2241357
2263451
2300509
2302509
2306440
2314124
2322139
2336596
2338693
2347649
2367506
2370100
2388266
2408435
2410664
2435714
2452137
2454766
2510530
2516054
2517760
2529689
2530293
2532869
2535069
2585570
2587758
2588979
2599890
2606355
2612684
2631231
2662740
2678955
2683074
2687175
2689165
2703631
2720457
2724669
2737052
2740711
2784430
2790502
2810094
2827436
2831211
2838960
2840683
2874564
2875146
2879564
2882785
2891203
2906866
2910566
2912022
2923572
2923885
2928097
2945398
2951346
2951423
2953470
2966415
2972541
3005189
3007268
3037398
3040366
3048567
3050106
3066141
3077576
3079622
3085158
3088113
3097017
3101284
3105946
3115408
3120241
3124323
3134803
3134837
3140023
3162477
3172114
3176370
3204633
3213678
3216687
3223685
3286101
3286191
3291770
3297264
3318277
3319806
3323487
3329396
3332531
3351234
3381282
3390142
3397824
3398858
3419102
3432996
3442900
3444130
3445034
3470025
3470923
3484284
3487708
3489512
3503553
3510436
3516797
3541571
3543804
3544204
3564232
3582873
3587295
3601162
3611097
3631340
3645162
3648060
3652068
3667128
3676193
3679356
3714546
3728835
3734399
3740348
3740395
3748887
3774058
3781046
3794450
3811966
3818288
3844928
3849254
3853905
3864921
3885498
3892394
3900446
3923864
3925954
3932823
3936275
3939252
3978408
3981148
3983561
3999644
4001756
4010737
4013872
4014153
4020399
4026757
4050349
4061335
4063911
4066224
4074497
4094553
4094784
4098589
4101006
4116292
4118552
4119437
4123397
4147079
4147852
4169240
4209758
4228927
4237140
4243350
4252972
4253474
4259796
4263052
4277493
4280762
4300553
4307595
4308107
4324956
4340703
4341673
4354565
4354604
4358217
4386732
4391575
4395584
4399045
4403374
4406518
4409956
4428996
4431119
4431750
4432785
4439874
4453366
4469855
4474556
4480103
4484540
4499301
4521259
4533439
4543886
4565733
4567741
4572179
4579701
4580056
4584502
4587526
4590875
4609752
4625279
4627539
4654431
4662646
4665387
4672587
4681766
4681944
4699849
4703376
4709116
4712825
4715212
4733847
4735096
4742878
4756341
4756729
4759111
4771246
4773463
4774124
4777200
4787438
4787790
4795272
4837381
4861767
4863409
4880807
4884582
4895245
4909472
4910758
4913010
4916110
4919004
4930053
4944875
4967929
4979396
4988121
4996432
5000180
5000184
5000370
5005606
5023224
5052134
5054503
5073550
5076402
5080455
5081037
5087881
5099797
5106498
5114443
5116772
5125590
5128155
5138052
5139428
5148897
5172908
5180398
5185470
5191264
5244385
5244540
5245697
5245758
5257424
5262857
5329238
5331735
5339658
5371450
5389638
5411875
5414219
5415667
5448787
5477839
5481409
5493466
5494347
5495087
5496950
5505846
5513389
5520644
5538706
5539002
5556975
5558219
5563421
5572320
5584313
5594998
5604522
5649117
5651690
5658289
5661672
5685515
5705759
5714597
5723155
5727264
5749362
5757574
5767155
5770546
5843249
5849312
5887023
5902335
5906994
5913399
5916049
5938539
5971335
5981418
5984962
5986339
5994817
6006930
6019398
6050715
6055694
6070239
6074414
6079301
6085631
6085896
6092352
6094161
6100083
6111984
6112091
6122835
6139986
6144493
6154787
6156563
6156694
6164769
6192746
6209256
6220357
6225880
6231281
6232485
6232882
6234287
6237976
6241387
6244501
6255596
6255665
6255981
6281477
6298949
6316938
6335963
6350455
6357193
6375424
6383600
6384730
6389605
6390896
6405928
6407711
6408200
6408755
6409225
6412504
6428253
6429645
6431340
6431940
6466334
6467663
6478198
6500075
6515903
6521096
6532486
6544982
6547602
6555217
6559046
6560341
6572851
6584409
6586024
6591801
6607258
6620736
6641084
6658438
6662322
6672136
6672574
6681594
6690760
6694071
6697693
6717002
6717234
6754015
6758007
6763006
6766106
6767451
6793941
6805308
6811789
6847359
6852163
6853773
6856450
6876905
6893365
6905581
6915023
6922578
6922650
6952795
6970284
6971718
6991764
6994631
7008321
7008511
7020555
7038548
7063880
7078627
7084958
7096721
7111771
7122100
7122309
7135360
7141514
7142717
7148648
7162586
7173675
7181609
7189806
7191063
7191334
7194167
7207992
7215332
7227886
7244109
7247375
7252602
7267386
7270458
7298763
7298790
7299823
7306773
7312496
7338735
7344457
7349780
7360028
7368106
7371475
7376322
7382629
7386342
7387256
7400214
7407509
7418671
7432210
7441128
7441229
7445714
7451204
7451640
7460054
7463860
7465353
7479404
7479887
7481801
7486307
7489686
7493391
7500882
7512088
7525205
7528813
7528933
7584967
7587277
7594017
7602050
7612756
7614102
7620855
7621345
7631592
7648808
7681503
7690052
7695869
7696984
7697392
7704253
7708308
7713773
7741365
7754384
7768143
7787679
7789625
7806899
7818333
7828443
7833934
7838326
7846324
7849519
7853818
7884433
7887972
7894304
7903975
7925788
7936269
7965064
7983984
7995612
8021671
8022077
8070260
8090023
8111631
8113942
8124494
8126395
8134276
8146858
8153377
8156451
8164755
8196749
8200685
8216927
8227340
8228811
8230284
8236678
8241101
8244959
8258776
8260081
8260553
8280356
8281365
8301614
8313759
8316004
8321410
8341076
8342415
8359816
8374273
8383061
8386222
8393694
8408584
8432887
8436748
8452261
8457064
8470731
8471941
8475928
8476642
8477546
8483174
8485314
8490749
8498496
8507873
8508781
8516414
8520082
8543110
8547652
8550507
8553299
8571136
8575290
8575701
8580417
8588183
8597465
8617012
8621905
8640199
8646731
8650980
8652790
8654232
8659365
8669003
8671142
8693194
8698790
8701752
8704980
8706502
8713636
8728390
8732776
8748466
8760967
8766058
8773917
8775852
8781026
8805994
8818361
8819531
8820064
8833058
8834170
8853153
8858725
8868511
8871509
8872545
8873337
8892544
8894525
8898459
8904948
8924296
8949198
8959092
8969868
8977441
8981083
8981825
8983658
8990377
8995046
9022689
9025384
9034721
9036997
9065750
9069184
9085319
9106723
9107928
9113744
9116021
9118076
9130154
9130310
9132766
9138162
9159723
9171045
9209099
9228989
9232178
9283018
9286868
9301814
9336899
9356712
9358716
9365073
9369032
9372422
9375198
9384385
9385452
9396534
9401341
9408438
9414536
9425866
9439009
9453402
9454154
9458026
9465633
9466715
9468930
9475890
9476671
9478327
9480244
9482554
9490604
9503932
9532592
9550041
9560543
9561065
9584608
9588459
9596658
9607278
9611851
9618542
9630139
9634604
9653888
9659122
9662746
9677666
9687809
9693315
9699996
9717999
9720521
9738802
9746110
9747269
9755886
9773629
9777632
9814302
9819671
9823573
9825682
9829772
9833499
9852952
9854137
9862541
9864336
9868746
9894537
9899204
9906869
9908059
9908308
9938193
9939572
9961549
9969044
9993063
