758
12102
25962
36993
43713
54020
58833
59168
61849
68054
100557
101646
127653
133718
137738
143146
145017
156100
166245
178634
185586
204685
215807
227217
263947
270360
282440
290138
295278
309234
330141
334960
351110
371169
372011
381352
383377
389364
395234
396087
453491
458472
474679
478250
498623
501774
506670
521203
539607
559408
606912
663549
666684
667820
670488
671788
685130
692568
699272
701583
722921
728813
732514
750431
780797
790744
794856
798147
799700
799932
806357
808493
812740
821597
830050
850728
862073
872357
884160
906501
942896
947404
949887
960582
964820
968831
969267
970537
986689
992768
1005502
1012294
1031386
1033349
1049377
1057298
1059361
1062618
1102040
1118218
1123761
1126653
1139295
1163180
1175932
1180836
1181728
1183386
1202652
1204602
1208609
1222575
1246755
1271924
1280268
1293952
1317892
1327736
1350661
1354426
1384368
1405772
1430277
1451589
1461012
1519801
1532858
1553840
1555739
1558128
1630088
1647288
1666812
1669032
1676773
1679077
1679839
1683864
1687638
1688081
1696772
1706450
1710324
1712660
1753975
1761270
1762764
1781324
1794906
1812364
1818389
1821303
1826747
1834134
1847751
1855440
1861005
1878016
1883595
1934902
1935314
1950876
1976093
1984075
1993711
1999190
2004744
2014337
2022040
2035332
2037570
2038379
2045748
2047853
2049487
2054334
2054336
2055804
2068320
2073584
2088441
2095937
2116168
2125314
2126615
2130242
2137598
2142700
2146044
2147936
2217746
2218011
2237447
2238415
2240211
2248961
2259400
2283919
2286408
2290135
2290326
2290688
2291196
2331318
2347199
2353007
2354336
2370703
2379397
2399740
2400725
2412958
2415375
2423965
2432925
2436512
2444708
2448908
2451886
2453611
2471298
2478505
2481028
2493940
2502027
2522594
2523060
2528080
2544936
2546702
2553286
2588622
2601098
2603694
2604911
2613431
2618833
2632680
2639925
2642835
2649457
2653651
2657386
2657591
2662341
2697593
2701440
2706993
2728768
2732063
2734020
2738562
2745068
2752392
2762549
2783411
2797908
2802884
2820107
2832297
2846567
2848410
2897145
2906872
2919560
2921610
2923428
2937976
2944888
2946337
2962398
2969014
2972584
2975462
2984994
3013117
3013334
3020357
3037528
3044513
3053431
3065010
3075941
3083958
3085206
3095435
3095506
3103313
3122005
3123744
3132175
3153699
3161890
3171968
3196590
3202209
3219793
3228118
3235015
3235574
3236475
3239256
3239299
3243312
3255179
3271041
3274632
3278484
3293573
3299706
3304714
3310607
3319799
3323468
3329932
3341245
3347452
3365506
3374742
3384710
3397735
3412615
3415671
3418743
3419296
3420895
3421114
3425968
3430371
3438008
3443404
3445017
3463249
3487052
3490458
3497506
3518290
3522931
3537475
3544708
3557146
3569417
3576008
3636677
3637594
3649674
3650459
3658208
3677320
3678423
3683954
3690590
3694972
3696632
3722986
3761665
3767793
3769905
3770764
3798664
3801492
3819226
3820830
3844816
3860874
3863298
3872200
3877013
3890293
3909583
3910104
3913877
3915540
3935484
3935949
3939636
3948295
3972466
3997862
3997956
4003747
4025267
4031211
4035682
4052552
4064385
4093254
4121772
4125230
4133236
4150548
4157998
4166932
4179260
4188593
4210463
4216795
4222093
4240956
4243844
4245018
4251197
4288196
4296141
4297148
4300856
4310665
4320520
4344169
4353074
4356987
4358372
4374948
4381777
4396463
4406561
4408276
4429192
4432779
4432949
4450075
4451936
4457892
4472419
4491099
4492840
4511885
4517482
4525215
4525961
4540290
4542056
4544984
4558494
4585430
4596561
4609240
4614638
4617975
4625090
4625415
4655984
4657176
4682361
4700237
4702897
4720630
4733058
4738941
4745152
4759712
4760237
4784436
4792119
4802667
4804592
4825888
4831242
4842536
4849846
4853077
4858323
4870858
4876175
4878461
4889283
4891815
4896102
4920930
4923232
4930799
4930815
4934544
4934558
4936240
4960145
4962386
4976057
4981834
4992787
4999769
5003521
5032846
5044350
5045404
5050787
5056178
5080751
5088218
5090807
5097653
5105829
5117266
5156545
5160478
5188130
5209017
5248963
5249774
5263470
5265800
5281650
5284412
5286961
5304534
5308115
5314021
5320443
5331300
5332534
5333387
5344462
5346121
5353306
5356618
5368832
5375498
5383168
5383395
5386384
5391037
5396009
5455852
5456834
5466828
5473584
5489321
5491142
5491532
5498099
5500429
5503050
5504609
5506448
5523683
5532685
5535467
5562920
5563563
5573907
5577574
5597284
5607364
5610743
5614213
5614978
5629345
5639697
5640262
5641624
5647688
5656407
5658328
5678918
5688206
5697867
5702546
5739756
5772520
5813805
5815456
5821537
5849473
5867563
5869362
5872599
5874023
5877954
5880192
5888173
5892098
5917348
5920930
5929753
5937093
5937793
5939478
5940268
5957355
5965340
6019385
6028924
6051061
6053479
6058061
6058146
6061566
6069151
6079177
6081149
6098615
6098862
6099192
6128846
6140688
6156399
6157351
6171710
6171831
6176685
6182016
6207882
6209072
6211686
6242007
6253083
6258398
6272842
6277591
6278451
6282873
6293396
6307606
6307891
6309634
6311749
6313311
6350765
6373906
6374455
6374705
6374947
6378982
6384647
6390657
6404293
6417711
6429662
6449057
6464558
6475365
6477979
6489206
6499130
6513393
6518966
6519269
6526023
6529833
6545441
6546923
6552218
6567266
6571807
6574440
6591992
6596662
6609610
6635658
6643675
6643923
6653699
6672297
6684797
6692098
6702623
6711814
6718548
6730973
6733167
6733868
6745712
6751651
6764658
6771179
6803355
6806381
6817769
6818944
6846123
6889404
6889870
6907845
6920228
6921493
6924787
6969837
6972899
6977383
6977580
6981298
6982229
6991861
6999351
7004910
7010017
7025286
7025524
7032721
7038604
7038905
7051398
7055018
7069570
7070611
7107524
7117628
7129375
7146184
7166499
7175280
7184174
7195750
7198065
7217788
7242825
7253743
7258075
7275261
7280492
7291077
7300937
7301618
7307991
7308193
7322444
7329926
7332294
7338748
7361062
7361789
7365676
7369583
7383664
7390439
7442960
7443514
7445227
7458709
7483234
7537416
7537533
7538254
7539411
7548176
7567203
7568853
7569332
7573013
7573596
7581951
7583268
7628430
7658305
7664076
7673745
7676878
7682873
7684371
7696762
7708036
7715642
7742716
7745745
7764289
7775005
7792613
7793407
7797895
7804176
7808754
7823925
7844283
7845785
7851268
7855587
7878681
7883836
7925990
7926168
7927181
7972758
7983945
7993492
8005760
8008495
8013964
8018954
8042359
8068859
8073947
8081061
8086712
8090707
8102482
8158465
8175389
8184742
8185428
8213773
8235891
8236444
8246117
8250448
8254959
8280311
8308196
8330497
8331805
8340462
8343153
8347704
8354987
8356122
8365194
8368012
8404313
8405178
8408475
8413147
8420396
8450270
8451733
8457546
8458128
8467997
8487982
8488591
8489608
8489821
8492032
8512286
8512751
8520508
8523489
8546281
8553042
8560624
8563046
8567413
8571334
8577304
8579436
8582665
8587631
8627109
8629230
8631505
8634493
8637412
8640375
8644633
8664416
8666864
8677986
8679350
8698366
8700399
8721194
8726102
8731929
8737088
8743477
8745715
8758703
8764742
8785475
8788814
8791039
8793506
8804697
8805298
8806242
8819798
8820763
8822591
8829659
8831449
8850543
8856787
8858091
8864583
8878331
8907612
8913622
8918945
8927475
8928156
8944826
8953279
8970094
8988167
8996938
8997531
8998797
9005192
9014694
9026609
9028206
9041536
9043758
9049096
9052758
9062216
9066963
9072488
9073891
9093232
9094084
9095958
9098815
9099847
9104984
9114105
9115151
9133589
9146489
9158955
9162347
9169948
9179063
9188992
9193427
9221186
9233068
9234729
9238817
9239830
9241032
9241689
9246451
9259440
9261253
9271270
9278001
9280749
9288956
9291650
9301758
9306021
9308814
9308920
9323683
9327216
9328586
9328670
9334963
9342163
9353987
9371470
9382960
9392661
9401207
9414111
9414672
9417125
9430138
9445549
9447585
9457667
9492984
9501495
9509027
9516045
9558749
9560482
9569279
9582494
9582569
9593911
9609618
9611946
9617321
9619773
9621627
9631908
9663153
9664413
9673316
9679957
9681331
9681887
9712833
9729773
9739256
9747678
9753831
9756822
9757141
9786929
9793557
9799361
9826494
9837656
9842202
9850993
9858723
9865770
9899812
9909408
9910701
9920012
9932002
9937062
9943506
9950724
9974238
9983421
9988941
9989429
