17077
24652
36015
47330
49302
55714
61499
71106
74102
77984
80593
95824
124636
125978
126953
134610
140483
144536
162694
164104
171714
171838
173805
176934
178418
194678
198131
227818
229236
231941
238833
243007
261054
273505
288604
290257
306081
333508
340231
356715
359545
361189
377995
386770
388111
397162
402716
439131
449621
457536
478642
484228
490322
493222
493991
497459
499250
508516
508558
531360
531753
553633
559010
565851
568055
569489
570197
586453
587935
592412
598305
612732
615409
640145
649609
668152
668605
675264
710736
732145
736580
738459
756074
772714
777539
807202
810809
816526
818361
842602
848600
850950
851016
862977
867775
872393
884578
920514
937503
939370
946419
952919
962702
963886
969663
970014
976714
977304
980672
986759
993951
995916
1005114
1008384
1016809
1023878
1036195
1036869
1042375
1048848
1054731
1088067
1091115
1092660
1108587
1149012
1159955
1161017
1181820
1186405
1189044
1197732
1203354
1212713
1219135
1219388
1219658
1220444
1223376
1252278
1271687
1283717
1299112
1300894
1302170
1311206
1314631
1326811
1331922
1343803
1371891
1385437
1398593
1401447
1411231
1421543
1422046
1424243
1429008
1431155
1460579
1466515
1473764
1474832
1485660
1488202
1489134
1499473
1500499
1503264
1563997
1574525
1576615
1578422
1582648
1587031
1590454
1597429
1599619
1610241
1618495
1627288
1630733
1630761
1641127
1646271
1647059
1661534
1679463
1680063
1681662
1707041
1711034
1716027
1729457
1740605
1746633
1773822
1775999
1779064
1793501
1815519
1816183
1819382
1826436
1830751
1832016
1832881
1852587
1857255
1859517
1871518
1875673
1885292
1925428
1944411
1959133
1962586
1963715
1966147
1996387
1997660
2008493
2012542
2016212
2020536
2031637
2034549
2038726
2043979
2051452
2055928
2076346
2082082
2090181
2099775
2102610
2104101
2112017
2135905
2139499
2145691
2156128
2172437
2183893
2196063
2204869
2220297
2220773
2228770
2229543
2248136
2260994
2263526
2264771
2266168
2268313
2270892
2274173
2279576
2297522
2316907
2330586
2371718
2381602
2392571
2399911
2428230
2433161
2434848
2436630
2468188
2469879
2478719
2482979
2513667
2521189
2525830
2528380
2534536
2544279
2549849
2551234
2568464
2572352
2577958
2583264
2588517
2592981
2597136
2626546
2634832
2636508
2646517
2646645
2679750
2682931
2697245
2701114
2726876
2742886
2754821
2757235
2772651
2776673
2792317
2820621
2825664
2825788
2831368
2837382
2844831
2868982
2874628
2876902
2882971
2885406
2901641
2901666
2902787
2907582
2914620
2931053
2942058
2949691
2964967
2972999
2981537
2993229
2994307
3024075
3037241
3043304
3049697
3061339
3062320
3063548
3068086
3073415
3091138
3093079
3103624
3107978
3111710
3130146
3136580
3155625
3159471
3159690
3168681
3179437
3180882
3190897
3196232
3199952
3205146
3228867
3232785
3245971
3246383
3249335
3257247
3264625
3294558
3303874
3322371
3355321
3355368
3356935
3369593
3370344
3403567
3411391
3444300
3464091
3469932
3472686
3536575
3554918
3557833
3557989
3575496
3586118
3626071
3628982
3639560
3644597
3645715
3661533
3672071
3679951
3705552
3705906
3716193
3721629
3738989
3742222
3751963
3768297
3778414
3788890
3794935
3810690
3818245
3839409
3842600
3848870
3850807
3855662
3891491
3893144
3897584
3900419
3906013
3910049
3913417
3926105
3942563
3942783
3944920
3945428
4018526
4023387
4039306
4046180
4054242
4055754
4060818
4117964
4120853
4134369
4148202
4166173
4176157
4180549
4182685
4186276
4189596
4208255
4213112
4216677
4221099
4273899
4285006
4288791
4289277
4291810
4302762
4303098
4307106
4314919
4322877
4336050
4346488
4368570
4368791
4376780
4377933
4387419
4387583
4398180
4405445
4406087
4422618
4445402
4449151
4451139
4455799
4479105
4498414
4503345
4521821
4526062
4546847
4555109
4576325
4580557
4587938
4590848
4592500
4599398
4604904
4624496
4634516
4660994
4666484
4668102
4668826
4670566
4674059
4694234
4695342
4696730
4699132
4712226
4719842
4728564
4731441
4738216
4743281
4743367
4752421
4766800
4773914
4777308
4778086
4790748
4794111
4852588
4865742
4895356
4898828
4921919
4941689
4959187
4961899
4969472
4989190
5000555
5001537
5005654
5011527
5019003
5023383
5062941
5073246
5112782
5120441
5123230
5126119
5138767
5174653
5176703
5191815
5205878
5210415
5222926
5224936
5231926
5244732
5264166
5273797
5319488
5321355
5332171
5342577
5344279
5346997
5364473
5369753
5383857
5400167
5404605
5413875
5423584
5433508
5433583
5448575
5476833
5481444
5497045
5503278
5503482
5511299
5560259
5560579
5560623
5573159
5583301
5585216
5587737
5611741
5616786
5625642
5630051
5633643
5640338
5644072
5652363
5661731
5667593
5707237
5707304
5713714
5733497
5734379
5742892
5751106
5760421
5762144
5781213
5790167
5825845
5830472
5837366
5845629
5853889
5868621
5871842
5877294
5894353
5897594
5905087
5918728
5924962
5930880
5938001
5941729
5950984
5967271
5971683
5972098
5979970
5990146
6009710
6021999
6027522
6027996
6045622
6048259
6052104
6057524
6064421
6088284
6090363
6116713
6128189
6142878
6144347
6144585
6146004
6158442
6166742
6195666
6198404
6199076
6200544
6209285
6212960
6213061
6213169
6216039
6239007
6253592
6257896
6265415
6266538
6266819
6272374
6280587
6295542
6311242
6361948
6379387
6387622
6389594
6428639
6430853
6465997
6473293
6495814
6515918
6528280
6537366
6547226
6554491
6569346
6571535
6585825
6586266
6587879
6605739
6647321
6651582
6680164
6689879
6696991
6711383
6716387
6719118
6721587
6722879
6725536
6744842
6756721
6762161
6774388
6782302
6788667
6826731
6833993
6841522
6845899
6888321
6936406
6949253
6952257
6953062
6960172
6983014
6994723
6997212
7004215
7005738
7019143
7021686
7048036
7051854
7059198
7063793
7076186
7081192
7082656
7086722
7114374
7114741
7116816
7119374
7125253
7134065
7134070
7152168
7153944
7179167
7225623
7232977
7261819
7262231
7262410
7272328
7304745
7328948
7332566
7343677
7347744
7370352
7378021
7422595
7426295
7428434
7433578
7438608
7451593
7460483
7462834
7463202
7479669
7484810
7494535
7552120
7583579
7596593
7597050
7612092
7618640
7641147
7651491
7663521
7667828
7680094
7694748
7696581
7715310
7717643
7721472
7736875
7745578
7752629
7760945
7772054
7785968
7792212
7797879
7798921
7804294
7810866
7828389
7837376
7841702
7848467
7860979
7865300
7869002
7880258
7883611
7921626
7925888
7930802
7932117
7955525
7966565
7977299
8014431
8021731
8025448
8027113
8057246
8060874
8067649
8071804
8087322
8129492
8137331
8145980
8146361
8149068
8171373
8176266
8180471
8181736
8191797
8192134
8195047
8207180
8211610
8213943
8222524
8236362
8248467
8255941
8306673
8314181
8318093
8342468
8343430
8346031
8351076
8358303
8394670
8399964
8401951
8414669
8418005
8419406
8429182
8438188
8443123
8445905
8456792
8493101
8502459
8503068
8509836
8512453
8534867
8536842
8557677
8577727
8585316
8586713
8592433
8597142
8623938
8634734
8635582
8647448
8648317
8649088
8665996
8667754
8673912
8694921
8701773
8709676
8713753
8719771
8734668
8744910
8745686
8746749
8756066
8790129
8797143
8820042
8824762
8830828
8836474
8849165
8854455
8864483
8868339
8872860
8880368
8881803
8885052
8892708
8903391
8904621
8913812
8914504
8920135
8930235
8963724
8989870
8994639
9011765
9021922
9028956
9035240
9036871
9039706
9041111
9041374
9049669
9101180
9102574
9103367
9104360
9107192
9111447
9113007
9146969
9147458
9151722
9170640
9170951
9180176
9200477
9205497
9209593
9211045
9216813
9218280
9229691
9239624
9270919
9281639
9281782
9304633
9320408
9338182
9341045
9355803
9367990
9369262
9380914
9383260
9387411
9400987
9406685
9412209
9426777
9429023
9430865
9435978
9445663
9473780
9485014
9489114
9492310
9496510
9505760
9509689
9511529
9517129
9517145
9534113
9535624
9549093
9550354
9553352
9564917
9589806
9595232
9597695
9601960
9612019
9646152
9650838
9666731
9671889
9679207
9687974
9694344
9699110
9712970
9717780
9720215
9729122
9730735
9738326
9813125
9838315
9844365
9851633
9852138
9855822
9875583
9876375
9876416
9881900
9882078
9886745
9919574
9968960
9972649
9975085
9985330
9985524
9996197
