12752
39538
41090
44984
58315
65607
80420
89945
111124
118750
132601
133009
147397
159488
166585
171828
176361
179800
207408
211398
212509
221492
229554
234775
236904
241757
243299
249919
262048
266422
268543
269569
275777
285063
292201
299032
306091
323075
331634
337826
343908
349023
372089
373931
380228
387409
390115
405277
407275
419085
420192
427712
431416
472081
472544
476099
477067
500745
502428
506283
513072
513209
516150
526346
531231
532922
542660
544485
551500
555397
573366
576019
585340
587246
610871
611962
617022
628471
639711
644018
671825
672211
693927
702410
707816
745805
764062
767302
836986
840974
858698
859024
866144
868488
873525
875191
900038
901229
911185
913191
918087
937210
940504
940899
959472
963209
966088
974276
974394
996203
1001585
1010873
1020114
1025200
1031361
1044814
1061096
1064646
1066891
1071189
1072472
1072639
1075651
1103298
1114462
1126954
1128190
1146377
1155333
1174365
1176999
1179894
1193005
1206328
1215722
1219433
1254789
1280298
1302242
1312832
1320778
1336322
1341403
1341656
1344749
1344813
1348227
1364017
1370514
1378674
1380550
1380871
1395228
1411620
1444580
1446082
1447130
1447683
1448804
1449217
1451117
1458353
1463785
1480995
1486200
1490653
1499095
1504235
1505543
1507678
1515770
1524953
1547197
1568190
1573799
1579414
1586688
1598917
1611096
1619987
1620827
1652358
1653863
1658252
1659814
1671995
1673068
1684255
1694844
1727486
1738832
1757392
1762142
1762837
1775903
1800485
1811336
1868353
1872042
1883235
1895442
1897498
1946521
1948855
1949927
1952747
1984014
1985104
2007621
2010462
2031586
2035523
2066957
2107756
2127956
2144370
2145320
2159672
2162863
2165190
2175023
2185302
2192289
2192631
2201375
2212916
2248519
2279479
2288792
2288929
2297072
2305944
2318171
2321316
2324741
2324873
2327617
2339331
2349808
2354691
2363854
2380525
2382277
2383286
2405667
2412952
2424518
2427015
2428687
2435898
2446853
2473247
2502969
2517116
2538397
2548608
2549379
2553399
2572257
2578155
2582473
2588320
2588476
2616498
2637948
2648237
2652151
2653008
2657470
2687280
2691597
2731895
2732139
2734930
2805664
2811332
2812540
2833713
2837530
2840050
2842454
2854875
2858051
2869937
2870121
2886070
2887490
2890610
2894136
2910131
2918286
2921586
2924817
2935281
2945324
2955627
2956601
2980973
2983653
2986902
3010009
3013387
3014506
3020351
3039230
3043591
3048645
3049016
3062276
3094349
3116342
3124206
3126674
3128433
3133226
3140509
3177533
3178323
3197073
3199275
3200794
3205450
3211478
3228068
3269108
3281438
3292178
3295688
3329651
3334899
3338118
3353819
3363212
3366240
3368459
3369096
3381086
3385498
3387090
3420387
3433839
3461331
3466376
3470013
3477722
3477926
3505318
3514401
3515701
3516043
3537789
3542967
3546442
3556839
3625510
3638188
3638535
3651730
3658784
3665585
3667863
3681734
3699627
3719434
3728893
3733203
3744426
3751448
3752678
3765202
3765794
3772383
3776776
3791988
3801079
3811426
3824845
3835964
3847796
3855777
3873010
3881365
3898941
3899684
3904187
3914548
3921517
3924584
3946771
3963104
3999835
4000521
4006539
4014578
4017356
4017567
4021138
4029572
4072662
4077604
4094397
4097344
4113415
4115106
4123895
4145582
4145741
4177725
4196088
4210390
4217385
4229193
4230534
4230657
4241286
4249695
4276232
4289054
4309958
4317831
4339377
4347945
4350041
4369083
4370797
4375661
4381989
4410310
4415340
4418680
4434322
4445335
4449724
4466706
4469227
4479547
4492860
4501982
4504896
4512338
4521825
4536750
4559853
4561074
4564707
4566054
4574656
4582092
4613055
4615540
4635254
4637438
4638604
4645117
4664881
4671893
4675406
4677686
4687744
4695440
4696441
4715288
4733483
4754151
4765416
4779169
4779180
4781765
4789544
4790186
4794774
4820121
4825627
4831080
4851141
4854983
4858382
4882930
4899302
4901357
4904812
4909106
4920853
4929445
4946633
4946756
4956514
4990005
4996988
4999373
5004373
5006024
5016370
5024161
5031058
5041421
5046475
5060137
5080276
5085612
5092080
5096776
5107695
5110302
5123815
5130296
5140352
5144377
5149582
5157441
5161138
5168823
5177641
5178628
5186245
5190591
5195194
5195302
5198520
5208612
5249390
5259416
5273742
5276334
5284063
5296588
5316183
5342734
5351518
5352099
5354225
5375251
5394329
5394354
5401197
5402572
5404404
5409735
5413772
5414850
5454045
5460898
5464464
5465051
5477195
5477647
5480597
5491861
5502655
5516497
5524915
5529361
5539569
5550973
5558761
5565037
5565447
5573184
5582944
5584670
5596749
5604372
5618109
5618662
5623011
5627702
5641640
5663403
5667188
5678728
5682859
5684398
5696304
5714074
5732300
5741799
5748935
5751391
5800224
5809502
5845596
5861002
5871317
5878599
5879161
5884249
5885659
5900958
5908332
5924282
5927135
5928088
5929217
5956534
5966157
5996043
5998482
6015995
6017512
6021637
6023704
6026829
6036613
6047692
6056959
6076966
6081856
6086525
6090921
6105050
6108272
6127751
6129883
6132541
6132701
6144725
6167757
6169599
6188633
6197879
6222237
6237763
6240567
6257037
6266505
6267482
6268499
6270079
6297567
6299230
6309218
6318628
6319079
6324962
6345086
6351204
6354043
6358357
6381834
6388225
6419843
6427651
6435070
6439778
6487832
6501053
6506117
6517057
6533317
6539544
6557601
6564057
6569433
6574296
6612433
6625763
6658972
6661740
6693482
6703417
6711484
6721026
6753674
6760096
6765527
6783690
6787031
6787367
6796776
6820199
6827634
6849551
6851030
6872717
6872861
6895779
6907723
6921924
6932404
6934955
6935853
6955722
6966589
6979973
6982538
6984600
7001123
7026786
7033544
7036572
7038644
7041262
7051903
7053776
7056679
7065186
7077160
7098716
7109328
7117981
7127758
7137216
7138412
7154497
7171599
7189887
7196727
7212158
7229348
7247125
7256772
7279616
7288387
7289788
7309497
7320975
7360864
7400211
7402584
7404289
7411262
7436584
7438991
7450677
7450794
7453788
7456152
7458795
7469302
7485014
7499652
7505547
7508850
7513666
7540814
7546505
7574712
7576877
7584842
7603275
7614837
7626257
7650736
7653643
7655925
7666580
7698105
7700370
7701778
7719233
7760203
7779803
7784957
7790268
7792139
7795270
7798942
7807354
7815512
7822614
7829319
7852594
7854703
7861581
7862678
7873408
7873843
7874435
7891433
7896070
7911958
7915599
7939148
7939580
7964361
7974964
7981674
7989956
7998838
8002150
8002563
8003381
8004527
8030837
8036845
8043886
8072067
8073072
8082136
8099613
8107579
8117086
8147706
8149882
8159729
8161702
8163750
8167738
8168297
8194905
8197521
8211553
8214593
8248491
8249150
8251122
8258139
8276920
8279007
8286645
8289198
8289572
8292401
8304995
8314699
8317126
8322247
8325520
8338449
8343481
8359653
8376345
8382586
8383118
8393846
8399921
8402349
8433987
8445873
8461508
8468640
8479931
8483091
8496543
8502631
8504122
8507572
8514113
8514806
8523177
8527523
8532506
8540987
8543788
8563160
8572362
8573009
8593147
8599297
8613566
8613875
8617163
8623667
8631883
8635644
8636652
8643196
8644212
8664625
8693696
8693716
8707078
8712068
8728854
8750185
8770906
8785977
8793245
8795876
8798055
8799209
8812872
8815822
8833332
8834990
8836746
8852871
8864509
8897284
8901260
8909145
8920426
8926302
8928559
8929510
8929670
8942738
8945032
8948190
8949536
8950391
8952083
8956238
8965958
8970735
8971839
8984411
8990018
8990351
8994759
9006772
9006861
9007251
9046680
9063845
9067973
9080283
9094416
9110313
9114481
9116825
9119708
9123187
9126500
9128079
9139167
9156713
9158226
9162834
9179333
9181698
9183163
9196678
9198553
9206782
9211760
9223129
9234986
9262015
9280815
9301706
9308430
9320954
9322653
9337644
9380981
9386227
9396572
9399291
9401058
9415296
9442527
9443917
9459826
9466223
9471383
9475146
9504422
9514392
9515391
9526768
9539595
9551504
9558969
9573303
9597548
9613998
9623190
9626881
9628967
9635323
9651567
9657312
9664775
9667207
9669071
9669301
9670497
9674495
9676164
9677662
9680438
9691017
9698035
9702664
9727021
9731494
9736036
9744397
9751155
9751980
9752334
9779507
9803358
9830698
9837677
9875323
9889962
9894104
9904523
9905311
9918007
9922041
9929684
9941854
9952972
9969483
9980498
9983924
9993427
