6589
54200
59561
71131
74023
80185
82993
83228
83986
85055
98216
99430
104407
131485
156602
157367
164466
173073
191058
200140
201183
203242
204121
206392
215474
221611
223873
225673
242954
248419
256199
257094
263774
292128
293619
298995
302608
304032
308804
316001
338481
344058
351968
356151
391464
395725
404731
416200
419937
423267
460705
479021
519191
521401
524485
530977
531795
536744
539474
548798
549719
553172
572917
576646
580361
609714
613954
625505
632658
633747
635505
635812
637244
699706
713248
718599
727790
732652
766321
772443
788213
788270
793418
811215
812435
812731
822008
824957
835371
837259
852827
862351
863057
868149
883295
884336
907988
910414
929214
931886
938441
959132
964024
967525
971902
972520
979826
990431
996157
997668
1011302
1015607
1016481
1018413
1018696
1020008
1038775
1040425
1059488
1065308
1090321
1108938
1117712
1118042
1151599
1185977
1208554
1223309
1226329
1226696
1249404
1250242
1251068
1263611
1268813
1282830
1322797
1351020
1362304
1369914
1373607
1387342
1401550
1416182
1418144
1419443
1431951
1435591
1456174
1492372
1497949
1517134
1521393
1521740
1553686
1561776
1576453
1584004
1609186
1621407
1636596
1636980
1642144
1646326
1659474
1663027
1675130
1676925
1694639
1702102
1713383
1729354
1746728
1749840
1761130
1762615
1769856
1796537
1808021
1822156
1837380
1838616
1842678
1855880
1864391
1888731
1908001
1911438
1925177
1925204
1926352
1926681
1927097
1944761
1984759
1988830
2007759
2012859
2021217
2024817
2025649
2026661
2046489
2068943
2073870
2078786
2082727
2091871
2094155
2099887
2109452
2116107
2129354
2134683
2150677
2173706
2177179
2178630
2202238
2206347
2207914
2223472
2241852
2297199
2301894
2316532
2330112
2360565
2373869
2383760
2385222
2385777
2404578
2405365
2443582
2445634
2448336
2462045
2484356
2488261
2488682
2504123
2511357
2531574
2535094
2544186
2555691
2556688
2558508
2584020
2589032
2596798
2627845
2643928
2649922
2652512
2672639
2677936
2694933
2697415
2740194
2755420
2776608
2792906
2794864
2807551
2835225
2848087
2848748
2867593
2882784
2886684
2892176
2897585
2908008
2916795
2943683
2958265
2958655
2963314
2974168
3004694
3013068
3019732
3020801
3025888
3027227
3033467
3046371
3051216
3053555
3055153
3060361
3064982
3065418
3066767
3068088
3075659
3077586
3077822
3088634
3091383
3094655
3119858
3140799
3147684
3148026
3148089
3163187
3163833
3164599
3168334
3172331
3185653
3187898
3189336
3192549
3198139
3206078
3218973
3219547
3225527
3250423
3278525
3291654
3350663
3355707
3358763
3361607
3377164
3401792
3403138
3405864
3416711
3419372
3430317
3432715
3451972
3455001
3466365
3467311
3471602
3488338
3510063
3523974
3528116
3543197
3557151
3558713
3568139
3581857
3595256
3604039
3605036
3606938
3610697
3632486
3657186
3662380
3682216
3688450
3695357
3702614
3705448
3711894
3754687
3774504
3803409
3804695
3807616
3815440
3818246
3823174
3840193
3856773
3860586
3864238
3864407
3866221
3890134
3902856
3949742
3953633
3957575
4017847
4030199
4032330
4037386
4051947
4053690
4054193
4055745
4065238
4085257
4089845
4100313
4100765
4113158
4130997
4147750
4164014
4172857
4173691
4175416
4185554
4185739
4196290
4203656
4209285
4211911
4235109
4248149
4257470
4268323
4272633
4290212
4291999
4303196
4313920
4314421
4316452
4326026
4334862
4340215
4358036
4360521
4377751
4378427
4383251
4391361
4392822
4415844
4416518
4421105
4427301
4435115
4441210
4448613
4452267
4464810
4494452
4515190
4524830
4544722
4550947
4564892
4603109
4605049
4622973
4640848
4645752
4646167
4655687
4665175
4669331
4671310
4674541
4678146
4678844
4680616
4696339
4698891
4702805
4711821
4736781
4737381
4750047
4757661
4778755
4788901
4790290
4795729
4800393
4811028
4813751
4820797
4823471
4836410
4858198
4886906
4888989
4913560
4920401
4931764
4935364
4939781
4951515
4964091
4982165
4984250
4988067
4993703
4993911
4998411
5003550
5006942
5008643
5018762
5049245
5051407
5052346
5100371
5107901
5107916
5110727
5142600
5147227
5174216
5174727
5189749
5197847
5202743
5209663
5213962
5231985
5256297
5276575
5280173
5295451
5327100
5341182
5343603
5353328
5358636
5361768
5364283
5400565
5404987
5418049
5427772
5450040
5451072
5454072
5470562
5484607
5487795
5507010
5519510
5527648
5534608
5543207
5562096
5580941
5589503
5593914
5605020
5610780
5621539
5626902
5646870
5648052
5652337
5659008
5675637
5682237
5682449
5683620
5687507
5696536
5700462
5703108
5707699
5714649
5722624
5728453
5753986
5786948
5789357
5793536
5795527
5797708
5810915
5813938
5826957
5834926
5836835
5850668
5856108
5856881
5860242
5862161
5862368
5868654
5870936
5876585
5883147
5884658
5884969
5905889
5913054
5929158
5931007
5952663
5957171
5959927
5961133
5964156
5964731
5965904
5967393
5974133
5987145
5992085
5994014
6025584
6028270
6029246
6035613
6079090
6102704
6107507
6112334
6119812
6124025
6125526
6127198
6135886
6138175
6141234
6150965
6158372
6166068
6167882
6185212
6185639
6203531
6205606
6210646
6241469
6242341
6251030
6260813
6275648
6277853
6279474
6293023
6293242
6301812
6313458
6314710
6319379
6331660
6333485
6356124
6360185
6361061
6372526
6375073
6382104
6392108
6394144
6404469
6409418
6413664
6428320
6463007
6465653
6470054
6480111
6489495
6499943
6506375
6519572
6570843
6572837
6586902
6591069
6595179
6601942
6613178
6624164
6647113
6650695
6651827
6666428
6669846
6696455
6703539
6716497
6721032
6727667
6748441
6753012
6761218
6786571
6792010
6795858
6798103
6805724
6818405
6834704
6836514
6870909
6889589
6900121
6910521
6916716
6931803
6935743
6942725
6954473
6957504
6962424
6964098
6975291
6977323
6977587
6981470
6987238
7008900
7026946
7031892
7036561
7040749
7042895
7047124
7077604
7094971
7095898
7109913
7112800
7181379
7193006
7201382
7206169
7232630
7237489
7242259
7247309
7249183
7251896
7252858
7260932
7272806
7287008
7288266
7294210
7318007
7340087
7358071
7362976
7363296
7379858
7395289
7400504
7402039
7420104
7425658
7428927
7431374
7438147
7457424
7459126
7464960
7473066
7479199
7481847
7488940
7498702
7503589
7504825
7511356
7518261
7520113
7540829
7555287
7559576
7571168
7613154
7645785
7647344
7649893
7653598
7660018
7661204
7665990
7670502
7698076
7706488
7710991
7716894
7717410
7719669
7725076
7741019
7753856
7756181
7760578
7769446
7776640
7782519
7794567
7796418
7802778
7816140
7825554
7834980
7839151
7845093
7848945
7849705
7857767
7860871
7866558
7878929
7887216
7890873
7896788
7922088
7928084
7931824
7933808
7944592
7947649
7954910
7965761
7979145
7991900
7993926
8055985
8084621
8090048
8103730
8107156
8160663
8164329
8166519
8167066
8172383
8190286
8197172
8198759
8214390
8222932
8237312
8245969
8254878
8258579
8281453
8295621
8327332
8332136
8341975
8349928
8366101
8371637
8372417
8376007
8384418
8396733
8409866
8441623
8456346
8463934
8467271
8486372
8492453
8508030
8513797
8531134
8541034
8546747
8550373
8554848
8555331
8563790
8566235
8570525
8574695
8595140
8604464
8609331
8615138
8630967
8635720
8638794
8643656
8645400
8646615
8660264
8666180
8673453
8678256
8701222
8711139
8712263
8720935
8729490
8756372
8774828
8792689
8800470
8807926
8810386
8829467
8850171
8857308
8870631
8899973
8900832
8917269
8960813
8963570
8967189
8982630
8994111
9062041
9070079
9085521
9086193
9090827
9094134
9096433
9101075
9103758
9106998
9127200
9137985
9154505
9155856
9170584
9188090
9195355
9197429
9203797
9211348
9214958
9217143
9225600
9227910
9243633
9257144
9278386
9290357
9295862
9310022
9322694
9352818
9363597
9378111
9390752
9392274
9410467
9412885
9421707
9427433
9474388
9483324
9490829
9511549
9520473
9533841
9558667
9569359
9585712
9589711
9606861
9628303
9665068
9682556
9690748
9704692
9705962
9709586
9724875
9731466
9734465
9746394
9749087
9752907
9753912
9754796
9759470
9762112
9766679
9776396
9780954
9783950
9786186
9798286
9811843
9814544
9818887
9827327
9861026
9870995
9899582
9900842
9902670
9920575
9927468
9938037
9939066
9942414
9948373
9952857
9958966
9976366
9982181
9995115
