5174
12264
40767
51067
65296
80545
81363
88024
122409
158729
167333
168011
184382
188784
203438
204032
216800
218313
220712
225277
241796
266652
275919
284233
287057
294532
311229
314294
315770
343185
346814
367438
367930
370443
371579
376897
388309
401917
407994
439648
440118
456350
459269
466054
485906
489359
492646
497009
498691
506756
507259
508485
512670
518467
532666
552643
552735
568360
575712
591267
597022
597203
628712
653495
658201
668897
676732
679750
680358
686911
692352
695692
738878
743454
746523
752190
766934
774587
781978
789084
802625
804922
810505
816573
822116
826711
834873
836791
849402
849659
863107
867394
875942
889344
908946
910124
915132
916757
917165
958547
971419
1000555
1005960
1014347
1015544
1017132
1031807
1034761
1052306
1066865
1068391
1080697
1105298
1107645
1113561
1139171
1148425
1149405
1158302
1159749
1186577
1196466
1201125
1207275
1208606
1209778
1211226
1223684
1229596
1240447
1249004
1249248
1260536
1262272
1304648
1305794
1318305
1319212
1325972
1341143
1352245
1354986
1363714
1364070
1370053
1370537
1375401
1413100
1427494
1445348
1466607
1474235
1483169
1500023
1516551
1518916
1532965
1555283
1559441
1562732
1572618
1583416
1592842
1595093
1619362
1639429
1659832
1673414
1698001
1718312
1738772
1764969
1794478
1844346
1851489
1857242
1866523
1876837
1878929
1884454
1892986
1917185
1918666
1928965
1938670
1949342
1958194
1962527
1976318
1985928
1995578
1998354
2000542
2002032
2005946
2010945
2013270
2015624
2018178
2019339
2028161
2057595
2105684
2106083
2108669
2139527
2142812
2192615
2210741
2217457
2221423
2230902
2231021
2232875
2236239
2245535
2250245
2251916
2256687
2264329
2267315
2287235
2324104
2324966
2339623
2350460
2355404
2391063
2396483
2408581
2414368
2426288
2427421
2436551
2454518
2457166
2478304
2495311
2496669
2503631
2505424
2526898
2531058
2557589
2570244
2570347
2578559
2584417
2592103
2600308
2601712
2612425
2618022
2641408
2648303
2686163
2692240
2694476
2703100
2703746
2714856
2715562
2717116
2733332
2736463
2740043
2741917
2751863
2753390
2755704
2787605
2799961
2800179
2823291
2843082
2846053
2846733
2857588
2858243
2869042
2870275
2876279
2895754
2900865
2914126
2920234
2932273
2935084
2948838
2964254
2979381
2982210
2984102
2989767
3007886
3022054
3029345
3035944
3038697
3048744
3060805
3068374
3071964
3077569
3092648
3104960
3110771
3138428
3138921
3141800
3154521
3158120
3159945
3166466
3170865
3174957
3198714
3203149
3220552
3223828
3235154
3271354
3273740
3326750
3332024
3333446
3338734
3340706
3342577
3344744
3356873
3361745
3372869
3382160
3385834
3441372
3463994
3465189
3480151
3487124
3496387
3518239
3522498
3522766
3523643
3527525
3538028
3540939
3554892
3563252
3576716
3586524
3586741
3587416
3594223
3609373
3624867
3627165
3631204
3644115
3648220
3656073
3657251
3671094
3678989
3691265
3698794
3702404
3717867
3727161
3731003
3743816
3779339
3790303
3791037
3799365
3821940
3830645
3831337
3835718
3849209
3874314
3887818
3913129
3914215
3934516
3966745
3970024
3983415
4005590
4008576
4011093
4018904
4025523
4033680
4035738
4046086
4048878
4051408
4077409
4099655
4111200
4121428
4134257
4135396
4139902
4145908
4148850
4154699
4187887
4191435
4212421
4212870
4217878
4224649
4235383
4248993
4262385
4270591
4278113
4279254
4286416
4291898
4304797
4311776
4320266
4351595
4353592
4359048
4361288
4368986
4393251
4395658
4413181
4460977
4462619
4467537
4484462
4490774
4496388
4509104
4519808
4546209
4547685
4564408
4582385
4600857
4615765
4619207
4621094
4623642
4626739
4627116
4635187
4639117
4670308
4690212
4705884
4710560
4728326
4742737
4763937
4767161
4771729
4789470
4805614
4834221
4853615
4869411
4873805
4917614
4923240
4925762
4925869
4927264
4931250
4940021
4940589
4960320
4963202
4990728
4991760
4999586
5000800
5017574
5029442
5039127
5040629
5045255
5059506
5062662
5085104
5097115
5114804
5115994
5126862
5131922
5144447
5145262
5176488
5176492
5227486
5229583
5231744
5233959
5234398
5241852
5264060
5267465
5270157
5276077
5281803
5298700
5301098
5350563
5352891
5366566
5395441
5395949
5396123
5397148
5420117
5425962
5440172
5444244
5457078
5461888
5491144
5499593
5515681
5521394
5526367
5528978
5548523
5553408
5554405
5568564
5572643
5577362
5577531
5577785
5580843
5584689
5585671
5588056
5599811
5602956
5610094
5610601
5626809
5644133
5647881
5658727
5679543
5683365
5696687
5700060
5714700
5715597
5729283
5731389
5735874
5748322
5752518
5757356
5757376
5759907
5763709
5766274
5772910
5777023
5777777
5826264
5842065
5847825
5850668
5857782
5870719
5876444
5898033
5930964
5931036
5936997
5941287
5944781
5953992
5957238
5963099
5964608
5974352
5986497
5998437
6014769
6020916
6032049
6034824
6043527
6055211
6055355
6056985
6075937
6078548
6082335
6098709
6118653
6127337
6128727
6139738
6154312
6155892
6155995
6175642
6178363
6198748
6202899
6205513
6206690
6210830
6236472
6237908
6255929
6256473
6263462
6286614
6292798
6295963
6297159
6307726
6308414
6318050
6319175
6325399
6332320
6334253
6335393
6337087
6340159
6360448
6360911
6369390
6379388
6393069
6428652
6472291
6497738
6514923
6521634
6523205
6523682
6542658
6545076
6551000
6551163
6569560
6572088
6582653
6600420
6604291
6641877
6680572
6717271
6723230
6752057
6764699
6777066
6794939
6819606
6830765
6830860
6853837
6861101
6870542
6876940
6892618
6896808
6902118
6903515
6905108
6907396
6926300
6927607
6945029
6945249
6953703
6957690
6963261
6980569
6985222
6992018
6999334
7006862
7011332
7027442
7048136
7054961
7062892
7068598
7068601
7074901
7078989
7088895
7099173
7102016
7105549
7108832
7113402
7117516
7151954
7172603
7180316
7181194
7185926
7202330
7208765
7211531
7218246
7220394
7230592
7232514
7277599
7281927
7287424
7291464
7321444
7333467
7344018
7349684
7354698
7357238
7365317
7380921
7389177
7394133
7402862
7406122
7419865
7422966
7424339
7442034
7446489
7447221
7456438
7459012
7465741
7472838
7486269
7492218
7495546
7497354
7509093
7512149
7523260
7524282
7553042
7559021
7571030
7571327
7575996
7584575
7587865
7588251
7592271
7601249
7645790
7657750
7658594
7662414
7676142
7681142
7716080
7726231
7731579
7739148
7745811
7758207
7775614
7794296
7795204
7800006
7806818
7808469
7814446
7816308
7828381
7829112
7834229
7840171
7852723
7863260
7873455
7901926
7907716
7921963
7939318
7941678
7955858
7964687
7968052
7973666
7984957
7992551
8001691
8011229
8011515
8012982
8017587
8031967
8034362
8040112
8051169
8062346
8066458
8074424
8079121
8081381
8086946
8089341
8121500
8141877
8156866
8168090
8179545
8188438
8190083
8194103
8195538
8201138
8227568
8228841
8242586
8245174
8256198
8293248
8296604
8303081
8329339
8344619
8349759
8351911
8379571
8380144
8393221
8412483
8422336
8441055
8448578
8458579
8462484
8466026
8470548
8486155
8496021
8502029
8506455
8512749
8515060
8557296
8565183
8594484
8636873
8640200
8644734
8676649
8682910
8695800
8698686
8708769
8718284
8721409
8740869
8745414
8761624
8772787
8789204
8792221
8804473
8806921
8810834
8816433
8825535
8826058
8831068
8834831
8835859
8852303
8869435
8872096
8884550
8886030
8915087
8933366
8938738
8941118
8946739
8956712
8970085
8986357
8993513
8999516
9001496
9011047
9015397
9036372
9038537
9084350
9095235
9099431
9100974
9110692
9122994
9128027
9130932
9135091
9161057
9177219
9197423
9216743
9218695
9218754
9221154
9221184
9223308
9250480
9251937
9254127
9319208
9330581
9347154
9350667
9357908
9361484
9362555
9364569
9372127
9377752
9406011
9409570
9411054
9413836
9424183
9425260
9431281
9442253
9443625
9459144
9469252
9470881
9472312
9473510
9479899
9486548
9489120
9495365
9503959
9524685
9535984
9540865
9571149
9577203
9604285
9605271
9623671
9642569
9658316
9661859
9672448
9698217
9705374
9711639
9714088
9718372
9736109
9747566
9764435
9787144
9788123
9789950
9818375
9823164
9841577
9842073
9844489
9852123
9852430
9870208
9889164
9895290
9897193
9901102
9904997
9914795
9919870
9925586
9942582
9951820
9961534
9978272
9981541
9986025
9996875
